Params:	92
Performance_R2:	0.7504463316867985
Alpha:	0.05
Alpha_Bonf:	0.0005434782608695652
Term	Coefficient	StdErr	p_value	CI_lower	CI_upper
Intercept	8.136152206018274	0.03729894451683755	0.0	8.007098890370893	8.265205521665655
1	0.005014812184152659	0.027414318091421457	0.8548608310535117	-0.08983796962346162	0.09986759399176694
2	-0.2851313955324269	0.027449477957114048	4.312821213624324e-25	-0.38010582950216326	-0.19015696156269052
3	0.38789926651750734	0.027324893566587356	4.139190108617051e-45	0.29335589109067745	0.4824426419443372
4	0.7812587172178086	0.027207376816482092	1.8841407972216818e-171	0.6871219464936491	0.8753954879419681
5	0.48057792859113035	0.02727165415456565	4.978627421670644e-68	0.38621876005630557	0.5749370971259551
6	0.06640603900979615	0.02737995459649286	0.015318855478130028	-0.02832784605649706	0.16113992407608935
7	0.23820170048021302	0.027317336617460785	3.4451316552787334e-18	0.14368447188819564	0.33271892907223044
8	-0.12097763258910584	0.0274171287356671	1.0373539925771622e-05	-0.21584013914801548	-0.026115126030196195
9	0.020969598533873632	0.027439616163056967	0.44476873393998284	-0.07397071390138546	0.11590991096913272
10	0.04355544631915107	0.027394418734173417	0.11189414129549591	-0.05122848426317044	0.13833937690147258
11	0.027096309234868207	0.027319992310398968	0.3213235635869244	-0.06743010798120956	0.12162272645094598
12	0.46203373368403355	0.02738121396245403	1.219527803294815e-62	0.3672954912463721	0.5567719761216949
13	0.021961207418479144	0.027391674130380263	0.42272643907500906	-0.07281322691068473	0.116735641747643
1,2	-0.017143440472825837	0.014981205475169743	0.25252630959388833	-0.06897799675879733	0.034691115813145657
1,3	-0.002610563412074998	0.014983359058030138	0.8616891184010458	-0.05445257103513539	0.0492314442109854
1,4	-0.01630968512473664	0.015007825173780808	0.2771870551091464	-0.06823634483110763	0.03561697458163435
1,5	-0.01083111987234683	0.014988575441903145	0.469934614785659	-0.06269117603922586	0.041028936294532206
1,6	-0.012209814895284433	0.014971876299779623	0.4148045858888798	-0.0640120924926242	0.03959246270205534
1,7	-0.02171236971892109	0.014976348337065034	0.1471657890573295	-0.07353012044148885	0.030105381003646674
1,8	0.009997080388323632	0.014974206202752374	0.5043983350058376	-0.041813258608813506	0.06180741938546078
1,9	0.0020212418007298748	0.014973726864029308	0.8926269446048395	-0.049787438697692865	0.05382992229915261
1,10	-0.0005858177122398034	0.01497355307992197	0.9687930544270158	-0.05239389692246124	0.05122226149798163
1,11	0.02105866745778473	0.014977942492027498	0.15977519973488197	-0.030764598996829248	0.07288193391239871
1,12	0.007350798378798135	0.014972685535438422	0.6234792886006308	-0.044454279151522606	0.05915587590911888
1,13	-0.004203525026634451	0.014971181674941544	0.7788917792152279	-0.056003399241260673	0.04759634918799177
2,3	0.24645530886691322	0.01498999904534255	1.281359685371249e-59	0.19459032707153712	0.2983202906622893
2,4	-0.05741100309610146	0.015016285135732077	0.0001328564437570604	-0.10936693403666432	-0.005455072155538601
2,5	0.12973621580602035	0.01500112202905886	6.4107453528607944e-18	0.07783274879485394	0.18163968281718676
2,6	-0.012514490028178265	0.014977321204367221	0.40342973847885133	-0.06433560684468403	0.0393066267883275
2,7	-0.006753974426733674	0.014979946999088195	0.6520989715688374	-0.05858417642029581	0.04507622756682846
2,8	-0.008844633931579506	0.01497886146057184	0.5548918700373682	-0.060671079991921194	0.04298181212876218
2,9	-0.01355632836781466	0.014978652564228314	0.3654738704665139	-0.0653820516525897	0.038269394916960374
2,10	0.01553701270934337	0.014978793116570679	0.29964740070511486	-0.03628919688264596	0.0673632223013327
2,11	0.03970274127850066	0.014978553382668295	0.008052183220551415	-0.01212263884082191	0.09152812139782324
2,12	0.04815566939232867	0.014989519718442723	0.0013212929991555508	-0.003707653945241099	0.10001899272989843
2,13	0.017755044892111327	0.014973325006020489	0.235750403874929	-0.03405224518872374	0.0695623349729464
3,4	-0.1257752353541836	0.015022386003120244	6.756833183075182e-17	-0.17775227512704633	-0.07379819558132089
3,5	0.024900903545102368	0.015008153014832175	0.09712902498245188	-0.02702689048223219	0.07682869757243693
3,6	-0.049280302293912344	0.014983416656285307	0.0010104828329542798	-0.10112250920534138	0.0025619046175167012
3,7	-0.06450532910854882	0.014991304995719823	1.709282818390514e-05	-0.11637482945608346	-0.012635828761014184
3,8	-0.0014622985643203325	0.014984819883213206	0.9222643914016022	-0.053309360602080615	0.050384763473439946
3,9	-0.08912759501237562	0.014981792192681621	2.827895506174813e-09	-0.1409641813246987	-0.03729100870005252
3,10	-0.09748115409079582	0.014979165867624352	8.157884027705013e-11	-0.14930865339111365	-0.04565365479047799
3,11	0.0769597296751308	0.014985340216097138	2.887935877678319e-07	0.025110867299994177	0.12880859205026743
3,12	-0.20497368027706575	0.014992770365486583	5.237854419190596e-42	-0.25684825076343404	-0.15309910979069744
3,13	-0.024520273733267307	0.01497816352497754	0.10166154734938436	-0.07634430495577056	0.027303757489235945
4,5	0.10475816272589415	0.015020765941563811	3.3593562341943263e-12	0.052786728321175716	0.15672959713061257
4,6	-0.007002565017203734	0.015010110599946322	0.6408556692062854	-0.05893713223485011	0.04493200220044264
4,7	0.07963119566293309	0.015006401417453887	1.1521806633536746e-07	0.02770946211404572	0.13155292921182044
4,8	0.041803961606948506	0.015008354652367058	0.005361003490322378	-0.010124530080675709	0.09373245329457272
4,9	0.05378413252481699	0.015009212346954412	0.0003414644228156975	0.0018526732376602725	0.10571559181197371
4,10	0.006270635385444975	0.015006082339459392	0.6760529543710365	-0.045649994162413055	0.058191264933303
4,11	-0.0978520284724657	0.015012540538132434	7.623405279193262e-11	-0.14979500320897884	-0.045909053735952554
4,12	0.07092318273448775	0.015014048899303776	2.360414991736698e-06	0.01897498911007102	0.12287137635890448
4,13	-0.012506101015457162	0.015003743315944213	0.4045733921246283	-0.06441863760669346	0.039406435575779136
5,6	0.0313008226071659	0.014988911823637027	0.036810255762340066	-0.020560397431201805	0.0831620426455336
5,7	0.0014964763220790458	0.014996811937178863	0.9205168677054003	-0.05039207789047968	0.05338503053463778
5,8	-0.011442221344471145	0.014990048839630732	0.4452978184865073	-0.06330737542670611	0.04042293273776382
5,9	-0.048593241326732296	0.014986999154073982	0.0011910408879721888	-0.1004478435813518	0.0032613609278872024
5,10	-0.018751675342868635	0.014987386232798713	0.21091686103312346	-0.07060761687916192	0.03310426619342466
5,11	0.06048479696613421	0.014990799145437602	5.523640997838774e-05	0.008617046846574848	0.11235254708569356
5,12	-0.17994022224518927	0.014998624705283247	7.755739932592284e-33	-0.23183504858521436	-0.12804539590516417
5,13	0.021467096643959616	0.014983931274781953	0.15199588140442838	-0.030376890833223927	0.07331108412114316
6,7	-0.02104264547998103	0.01497383933577954	0.15997862281369532	-0.07285171512754651	0.030766424167584457
6,8	-0.015380756625428553	0.014975139483371768	0.3044157243366676	-0.06719432474767693	0.03643281149681983
6,9	0.009552532849368071	0.014977444101307807	0.5236284272015128	-0.042269009187150514	0.061374074885886656
6,10	0.018352366348326904	0.014970162782175313	0.22026671877924003	-0.033443982525529645	0.07014871522218345
6,11	-0.01386197231060134	0.014978340732974289	0.3547547724509288	-0.06568661666786849	0.0379626720466658
6,12	-0.019158095895740274	0.014973087929378282	0.20076308016521835	-0.07096456569795526	0.0326483739064747
6,13	0.01790795590428365	0.014969026585124183	0.23160707359399152	-0.03388446175922428	0.06970037356779157
7,8	0.08524605844193169	0.014977659174895581	1.310249732745846e-08	0.033423772256752325	0.13706834462711104
7,9	-0.027888126066819473	0.014974021713613539	0.06258414633316783	-0.07969782673664264	0.02392157460300369
7,10	-0.009203810124759768	0.014976144924228158	0.5388623603989005	-0.06102085704454212	0.042613236795022574
7,11	-0.029043326123239274	0.014975232185471131	0.052490163808079845	-0.0808572149921856	0.022770562745707046
7,12	-0.039391585564939505	0.014977534844989766	0.008556197577140252	-0.09121344157208602	0.012430270442207007
7,13	-0.002010703204753375	0.014969831956137736	0.8931557879452715	-0.0538059074296767	0.049784501020169944
8,9	0.008770473890178524	0.01497688184904881	0.5581628429147314	-0.04304912276908626	0.060590070549443306
8,10	-0.0017844570338538925	0.014974378893951342	0.9051462207561226	-0.05359539353775962	0.05002647947005183
8,11	-0.014712293398042316	0.014975974928231984	0.3259404794755265	-0.06652875213638314	0.037104165340298506
8,12	0.04478760136606147	0.014974639801082575	0.002791357710793937	-0.00702423786929679	0.09659944060141973
8,13	-0.009483530507466784	0.014971936477563935	0.5264799821906345	-0.06128601631827464	0.042318955303341066
9,10	0.033395118657784696	0.014974157608528228	0.02576709575702692	-0.01841505220468192	0.0852052895202513
9,11	-0.013253765609644452	0.014976868338315477	0.37621474082605444	-0.06507331552214586	0.03856578430285696
9,12	0.07898751926567714	0.014970329276237105	1.3582624995157054e-07	0.027190594326975105	0.13078444420437918
9,13	-0.00014062474812310752	0.014970679537999824	0.9925055755793482	-0.05193876158282941	0.05165751208658319
10,11	-0.05699920186294895	0.014973068910816009	0.00014199853575385334	-0.10880560586146486	-0.005192797864433038
10,12	-0.03025851687997527	0.014973346702172713	0.043336157889809566	-0.08206588202889652	0.021548848268945976
10,13	0.008616621385492913	0.014969985426844435	0.5649088465369921	-0.043179113843827735	0.06041235661481356
11,12	-0.04194986623025718	0.014972961087175465	0.005097355713547176	-0.09375589716196121	0.00985616470144686
11,13	0.02835001237967191	0.014973888821345718	0.058359970643498606	-0.02345922848658286	0.08015925324592668
12,13	-0.0040393294140408575	0.01496792702924213	0.7872716293378077	-0.055827942644631	0.04774928381654928
