Params:	92
Performance_R2:	0.7801688825318456
Alpha:	0.05
Alpha_Bonf:	0.0005434782608695652
Term	Coefficient	StdErr	p_value	CI_lower	CI_upper
Intercept	7.613635126693105	0.03608614222067604	0.0	7.4887780734218286	7.738492179964382
1	0.01356410421756888	0.026522921609304674	0.6090798069706596	-0.07820447043448767	0.10533267886962541
2	-0.49379063912324195	0.02655693822640412	2.385686252974662e-75	-0.5856769103289318	-0.40190436791755213
3	0.7808097255651885	0.02643640478790446	1.038344873015483e-180	0.6893404967205161	0.8722789544098608
4	1.3299760254018056	0.026322709180359966	0.0	1.238900180212307	1.4210518705913042
5	0.9541758224526928	0.026384896494068073	1.5381741056211827e-262	0.8628848108790192	1.0454668340263664
6	0.0626848178547234	0.026489675468394897	0.017989954350491	-0.028968726069990444	0.15433836177943722
7	0.4322481967129749	0.02642909355847241	5.0298448389838605e-59	0.34080426451977314	0.5236921289061767
8	-0.19130818378942355	0.026525640863409417	6.088316500952791e-13	-0.28308616698541744	-0.09953020059342962
9	0.06498733290931547	0.02654739709575003	0.014390785848059173	-0.026865926248395913	0.15684059206702683
10	0.024383003944741605	0.026503669294123778	0.35761204276912906	-0.0673189582296653	0.11608496611914851
11	0.02338739571124309	0.026431662899624103	0.37628166399973273	-0.06806542633122786	0.11484021775371403
12	0.8611572543092543	0.026490893885156318	6.570363632515769e-216	0.7694994946962699	0.9528150139222387
13	0.0717666025954702	0.026501013933118205	0.006784148605353334	-0.01992617210335397	0.16345937729429438
1,2	-0.013094645512938449	0.014494080688264546	0.36631960792054763	-0.06324376351912804	0.03705447249325114
1,3	-0.010147624919491137	0.014496164245812645	0.4839373990727275	-0.06030395197712729	0.040008702138145016
1,4	-0.005737985487893615	0.014519834828023562	0.692720299908006	-0.05597621210481203	0.0445002411290248
1,5	-0.02336336607734214	0.014501211015171867	0.10719638279431844	-0.07353715481727392	0.02681042266258964
1,6	-0.013846529394125786	0.014485054857794262	0.33914677156692796	-0.06396441827671014	0.03627135948845857
1,7	-0.013691397792813389	0.0144893814835363	0.3447293699970302	-0.06382425668071044	0.03644146109508367
1,8	0.0018443732764407451	0.014487309002278086	0.8986990611542234	-0.048281314883666174	0.05197006143654767
1,9	0.0016006013355444534	0.014486845249602063	0.9120267204359571	-0.04852348225313943	0.05172468492422834
1,10	0.009392653569873914	0.014486677116211313	0.5167703752027392	-0.040730848281931666	0.05951615542167949
1,11	0.02863692021278075	0.01449092380339126	0.04817197819341178	-0.021501275059125285	0.07877511548468678
1,12	-0.0067826071948753515	0.014485837780567324	0.6396395842177672	-0.05690320496858432	0.04333799057883363
1,13	-0.0101879820286285	0.014484382819187763	0.4818444020575231	-0.06030354567623542	0.03992758161897842
2,3	0.2791912107564303	0.014502588329110524	1.6799231263901116e-80	0.2290126565483928	0.32936976496446774
2,4	0.11649715334554189	0.01452801970816185	1.2438383225772827e-15	0.06623060726989065	0.16676369942119312
2,5	0.19156884030109717	0.01451334964092523	2.6195500949688694e-39	0.14135305225203837	0.24178462835015596
2,6	-0.0034736317325370246	0.014490322717350915	0.8105537845818351	-0.05360974726338065	0.046662483798306606
2,7	-0.01121325449081334	0.014492863132447664	0.43912940071365814	-0.0613581597875767	0.03893165080595002
2,8	-0.01883697457813944	0.014491812891005321	0.1937004544013111	-0.06897824606858147	0.03130429691230258
2,9	-0.007857828869993401	0.014491610787078266	0.5876754360817174	-0.057998401086441755	0.04228274334645495
2,10	0.008400402485771676	0.014491746769259042	0.562157300833402	-0.04174064022525838	0.058541445196801725
2,11	0.030347565248770567	0.014491514830478771	0.036281796936012536	-0.019792674960499475	0.0804878054580406
2,12	0.09714082413924346	0.014502124587873302	2.2722616277692995e-11	0.04696387446305109	0.14731777381543584
2,13	0.029916393413564567	0.01448645645829854	0.038947872755323965	-0.020206344967970306	0.08003913179509944
3,4	-0.39730475474613725	0.014533922201411746	2.3329687975670306e-156	-0.44759172328506064	-0.34701778620721385
3,5	-0.1947913247168453	0.01452015200908481	1.568793115367502e-40	-0.24503064877145653	-0.14455200066223406
3,6	-0.04663601674888004	0.014496219971218674	0.0013008039766297685	-0.09679253661487866	0.00352050311711858
3,7	-0.12258422386666092	0.014503851815561896	3.458921480803018e-17	-0.17276714970284865	-0.07240129803047318
3,8	0.01790189248132294	0.014497577571202909	0.21693943783328218	-0.03225932464304472	0.0680631096056906
3,9	-0.07795384496935191	0.014494648328229998	7.772489151988834e-08	-0.12810492699411052	-0.027802762944593315
3,10	-0.06010279263724837	0.014492107400041225	3.404606914144846e-05	-0.11024508312080303	-0.0099605021536937
3,11	0.06906181751080909	0.014498080985084856	1.941124690583338e-06	0.018898858588343663	0.1192247764332745
3,12	-0.3588264414134966	0.01450526953776541	1.4938951106539666e-129	-0.40901427252926803	-0.3086386102977252
3,13	-0.03923274966902121	0.014491137649294246	0.006798629283504041	-0.08937168484183264	0.01090618550379021
4,5	-0.3857545717337884	0.014532354817334557	5.852194018183117e-148	-0.43603611716718765	-0.33547302630038917
4,6	-0.017441041826188882	0.014522045941895868	0.2297904324346376	-0.06768691883590504	0.03280483518352728
4,7	-0.11970151525342757	0.014518457366168637	1.9614129571434962e-16	-0.1699349758904541	-0.06946805461640104
4,8	0.07287136919054603	0.014520347090228664	5.335216777111075e-07	0.022631370160576633	0.12311136822051542
4,9	0.003954929955523775	0.014521176896252994	0.7853563819136511	-0.04628794018032197	0.05419780009136952
4,10	-0.0026275264900627975	0.014518148663227093	0.8563868284111066	-0.052859919023456034	0.047604866043330446
4,11	-0.0629423900418179	0.014524396868875368	1.4878334465230746e-05	-0.11319640119381286	-0.01268837888982293
4,12	-0.2827922466888962	0.01452585618458669	3.08375908819158e-82	-0.33305130703286057	-0.2325331863449318
4,13	-0.05666820336461521	0.01451588569476191	9.55607700469178e-05	-0.10689276608975462	-0.006443640639475806
5,6	0.009373755807178958	0.014501536459209135	0.5180433678712943	-0.040801158960113944	0.059548670574471864
5,7	-0.09159059736303021	0.014509179694816016	2.9129384247547e-10	-0.14179195751396922	-0.041389237212091215
5,8	0.013927575947320414	0.014502636504301229	0.33691360197972575	-0.036251144945543476	0.0641062968401843
5,9	-0.03824641833059425	0.014499685981487384	0.008364629643238962	-0.08841493049618845	0.011922093834999946
5,10	-0.02477072204003668	0.014500060474065986	0.08762193973766669	-0.07494052993958743	0.025399085859514062
5,11	0.05120136148660342	0.014503362413369338	0.0004177633677986006	0.0010201289684559842	0.10138259400475086
5,12	-0.3559156465180634	0.014510933519447659	1.7627632741979123e-127	-0.40612307485368454	-0.30570821818244226
5,13	-0.013589907731984732	0.014496717856520791	0.34856116350306754	-0.06374815026734793	0.036568334803378455
6,7	-0.010101154421406883	0.014486954064251573	0.4856642631511091	-0.06022561450576624	0.04002330566295247
6,8	-0.006745719497751681	0.014488211936599672	0.6415160466189342	-0.05687453178561937	0.04338309279011601
6,9	0.004328288468839457	0.014490441618208134	0.7651782329933539	-0.04580823845567914	0.05446481539335806
6,10	0.013567624299597075	0.01448339705646053	0.3489090113918615	-0.0365445286362581	0.06367977723545225
6,11	-0.0057688824989751385	0.014491309095244157	0.6905741866077209	-0.055908410870027875	0.04437064587207759
6,12	-0.016498349279097855	0.0144862270903757	0.25478457259353077	-0.06662029405396828	0.03362359549577257
6,13	0.02375825943290389	0.014482297803682499	0.10094581787344449	-0.026350090118765032	0.07386660898457281
7,8	0.11602152632982318	0.01449064969852185	1.3717256778832053e-15	0.06588427945317848	0.16615877320646788
7,9	-0.0479022207190064	0.014487130511937717	0.0009493677155459208	-0.098027291307476	0.002222849869463202
7,10	0.00035052399013110226	0.014489184684815692	0.9807000643980301	-0.04978165397963975	0.050482701959901954
7,11	-0.037571174655455876	0.014488301624422883	0.009528480280719294	-0.08770029726070945	0.012557947949797699
7,12	-0.1016038869837563	0.014490529411293307	2.5755571625294158e-12	-0.15174071766991962	-0.05146705629759299
7,13	-0.009957320490076124	0.014483076987472065	0.4917817401489084	-0.060068365996090264	0.040153725015938016
8,9	-0.001099132365427682	0.014489897647990078	0.9395365785790715	-0.051233777168048125	0.04903551243719276
8,10	-0.00019139143462841828	0.014487476078297177	0.9894599769696796	-0.050317657673136965	0.04993487480388013
8,11	-0.0016421623234874772	0.014489020216362915	0.9097655529497128	-0.05177377123696397	0.04848944658998902
8,12	0.052706867811754626	0.014487728501843366	0.0002767185886074235	0.00257972819476298	0.10283400742874627
8,13	0.0038396161705413047	0.014485113078854167	0.7909608916249147	-0.046278474155298836	0.05395770649638145
9,10	0.0376511911143524	0.014487261988130462	0.009371610611584457	-0.012474334378105023	0.08777671660680983
9,11	-0.011700086557061867	0.01448988457656806	0.4194258114791578	-0.06183468613292392	0.03843451301880019
9,12	0.06559461318046049	0.014483558136846868	6.028124579305078e-06	0.015481902910927048	0.11570732344999393
9,13	-0.00922589942936055	0.014483897009593742	0.5241612627785905	-0.05933978218921866	0.04088798333049756
10,11	-0.047634629731647275	0.014486208690215805	0.0010130495543923422	-0.09775651084247375	0.002487251379179198
10,12	-0.02499167727435069	0.0144864774489846	0.08454081776680654	-0.07511448828307835	0.025131133734376965
10,13	0.01694795421961425	0.014483225467967167	0.24196943082901204	-0.03316360502480322	0.06705951346403172
11,12	-0.04888656651364842	0.01448610437253932	0.0007429518272375528	-0.09900808668820163	0.0012349536609047793
11,13	0.008212763388902578	0.014487001940758592	0.5707965999022208	-0.04191186234684591	0.05833738912465107
12,13	0.0018406923854076326	0.014481234000659295	0.8988579604371678	-0.04826397643724553	0.0519453612080608
