Params:	14
Performance_R2:	0.7035534509139476
Alpha:	0.05
Alpha_Bonf:	0.0035714285714285718
Term	Coefficient	StdErr	p_value	CI_lower	CI_upper
Intercept	8.167278625299161	0.015371064733922045	0.0	8.122476415130048	8.212080835468274
1	-0.015683898501945574	0.008108138686343242	0.05311143412362154	-0.039316778838737826	0.007948981834846675
2	-0.09248133788419552	0.008109581149984543	7.308031797170357e-30	-0.11611842258550888	-0.06884425318288216
3	0.23004272867958087	0.008112943883656099	1.4968396183511087e-167	0.20639584258172772	0.253689614777434
4	0.7979229190769944	0.008124819989802346	0.0	0.7742414175629183	0.8216044205910705
5	0.5364020297360966	0.008114687339401168	0.0	0.512750061968752	0.5600539975034413
6	0.02963647041715024	0.00810742469233769	0.00025858321385701836	0.006005671166479869	0.05326726966782061
7	0.21181086087032663	0.008108724952420855	1.265638395998733e-143	0.18817627173739834	0.23544545000325492
8	-0.05534346772915279	0.008107586714874366	9.452056167524844e-12	-0.07897473922867944	-0.031712196229626136
9	0.017918135414587075	0.008107943929042205	0.02714089632451409	-0.005714177260973893	0.041550448090148046
10	-0.024744686130391116	0.008107396369805439	0.0022808621108485173	-0.048375402829067576	-0.00111396943171466
11	0.006041270078520142	0.008108996232244833	0.4562915889981881	-0.017594109756672367	0.029676649913712654
12	0.3258272034558995	0.008107277387666673	0.0	0.3021968335557617	0.3494575733560373
13	0.04166972848904515	0.008106635831466438	2.81855536713107e-07	0.018041228539767345	0.06529822843832295
