Params:	14
Performance_R2:	0.6387993802016425
Alpha:	0.05
Alpha_Bonf:	0.0035714285714285718
Term	Coefficient	StdErr	p_value	CI_lower	CI_upper
Intercept	8.122963813797442	0.01748985885928584	0.0	8.071985931262567	8.173941696332317
1	-0.012278899011564214	0.009225789084259138	0.18325455364055676	-0.03916940716333245	0.014611609140204023
2	-0.13870743611125158	0.009227430381458308	2.725226329652022e-50	-0.1656027281698825	-0.11181214405262067
3	0.29672802290266703	0.009231256644525633	1.2800829466339205e-211	0.26982157839330667	0.3236344674120274
4	0.7459173097888396	0.009244769789118496	0.0	0.7189714783694262	0.7728631412082531
5	0.5131479407684436	0.009233240423491922	0.0	0.48623571411687544	0.5400601674200118
6	0.024214505639333663	0.00922497667115701	0.008686591841646042	-0.002673634563097573	0.051102645841764896
7	0.20376231228682967	0.009226456163028824	1.5079038396742166e-104	0.17686985979328965	0.2306547647803697
8	-0.06303268219424789	0.009225161027370947	9.032421017570825e-12	-0.08992135974174831	-0.03614400464674747
9	0.0205399223028868	0.009225567481021763	0.02601813744395433	-0.006349939939506461	0.04742978454528006
10	-0.015001408988861955	0.009224944444561121	0.10395649270884347	-0.04188945526008238	0.011886637282358465
11	0.011339412802506308	0.009226764836885505	0.21912440840651343	-0.015553939386093233	0.03823276499110585
12	0.35738349380344814	0.009224809061563921	9.589568340261813e-298	0.3304958421345275	0.3842711454723688
13	0.043504459137963906	0.00922407907131363	2.446895927013526e-06	0.016618935179594285	0.07038998309633353
