Params:	13
Performance_R2:	0.7237316804785376
Alpha:	0.05
Alpha_Bonf:	0.0038461538461538464
Term	Coefficient	StdErr	p_value	CI_lower	CI_upper
Intercept	8.656578194523446	0.0031148529786100203	0.0	8.647568893977233	8.665587495069659
1	-0.0006724655490284804	0.003099910936869818	0.8282745715659993	-0.009638548214418546	0.008293617116361587
2	0.08292132395302595	0.003103353944426251	8.634832399736432e-144	0.07394528284334596	0.09189736506270595
3	0.08786231295751933	0.003104607395263037	1.9032091738629756e-159	0.07888264640696425	0.0968419795080744
5	0.19182632649673612	0.003116901799850512	0.0	0.1828111000058802	0.20084155298759204
6	0.0006023724307119035	0.0031000837822872866	0.8459452118255176	-0.008364210167202974	0.009568955028626782
7	0.05792988420394568	0.0031106615629921956	5.14771321154497e-74	0.04893270677342172	0.06692706163446964
8	-0.03401127884374195	0.003100676339954017	1.4469714895181475e-27	-0.04297957533638868	-0.02504298235109522
9	-0.03444782260732181	0.0031010509826091327	3.223671358821712e-28	-0.04341720270433142	-0.025478442510312192
10	-0.016687570434656435	0.0031003453363061487	7.809867255369749e-08	-0.025654909543000915	-0.007720231326311954
11	0.20922703519188424	0.0031200566088473896	0.0	0.20020268383298032	0.21825138655078816
12	0.06973848478112735	0.0031085270605049516	1.59742742837107e-104	0.060747481116927605	0.0787294884453271
13	0.002320319124814246	0.0031000399187881	0.4542187470069664	-0.006646136603726733	0.011286774853355226
