Params:	14
Performance_R2:	0.7982130772568702
Alpha:	0.05
Alpha_Bonf:	0.0035714285714285718
Term	Coefficient	StdErr	p_value	CI_lower	CI_upper
Intercept	8.158093050763735	0.00391816766046691	0.0	8.146672922301386	8.169513179226085
1	0.003057023339999798	0.0039159130760537675	0.4350234549878871	-0.008356533774246274	0.01447058045424587
2	0.14897637245867124	0.003917224737970247	3.0281363213409467e-289	0.13755899229526458	0.1603937526220779
3	0.11257067823548095	0.003916799886009565	2.6290992978188424e-172	0.10115453637129702	0.12398682009966487
4	0.44356483724197615	0.003917602968125087	0.0	0.4321463546660821	0.4549833198178702
5	0.28071284090502685	0.0039161241121161115	0.0	0.2692986686923085	0.2921270131177452
6	0.0016057164820727915	0.003915892101440367	0.6817802141149543	-0.009807779498296367	0.01301921246244195
7	0.10337599756038326	0.0039161332526354824	7.764277025420843e-147	0.09196179870615426	0.11479019641461227
8	-0.04857674872839345	0.003915747467981882	5.42693668200721e-35	-0.05998982315133603	-0.037163674305450874
9	-0.06365183152798733	0.003915962884951769	2.1147465390879624e-58	-0.07506553381826031	-0.052238129237714336
10	-0.032645854598867666	0.003915892549040004	9.021156789442418e-17	-0.0440593518838378	-0.021232357313897533
11	0.331048066296741	0.003916034845261495	0.0	0.3196341542665966	0.3424619783268854
12	0.0932280368235685	0.003916802745382063	9.976256739252934e-121	0.08181188662528455	0.10464418702185246
13	0.0042945127798828964	0.003915672852832842	0.27278653042926204	-0.007118344165233026	0.015707369724998817
