Params:	299
Performance_R2:	0.8391088528889903
Alpha:	0.05
Alpha_Bonf:	0.00016722408026755855
Term	Coefficient	StdErr	p_value	CI_lower	CI_upper
Intercept	8.598764466006966	0.003285489775967292	0.0	8.586384472315727	8.611144459698204
1	-0.004045641115462946	0.0032868739030102244	0.21846275961568692	-0.01643085031039377	0.00833956807946788
2	0.10603219803263826	0.003286020695739503	3.806956354259533e-200	0.09365020379235624	0.11841419227292029
3	0.09697213575760996	0.003286771499306873	5.239007680801898e-171	0.08458731242819323	0.1093569590870267
5	0.2396076095297629	0.0032860062158125434	0.0	0.22722566985102774	0.25198954920849803
6	0.001640158790824131	0.003285207572090829	0.6176306798764014	-0.010738771533169239	0.014019089114817501
7	0.09267397517356615	0.0032873245335585353	1.027891898433427e-157	0.08028706796594146	0.10506088238119085
8	-0.047868276890751314	0.0032857765587351903	1.021857859121582e-46	-0.06024935120287063	-0.035487202578632
9	-0.04072923214946873	0.0032866597651598035	1.5167986429730103e-34	-0.053113634455497744	-0.028344829843439726
10	-0.028009682097084307	0.003285934240953064	2.2587700823684435e-17	-0.04039135056867317	-0.015628013625495443
11	0.2594763353610179	0.003286724849887052	0.0	0.24709168781042332	0.2718609829116124
12	0.09973341626359357	0.003287161860726633	1.143473135020623e-179	0.0873471220204795	0.11211971050670763
13	0.006494012584495605	0.0032846698175855358	0.04811260644652631	-0.005882891436621504	0.018870916605612714
1,2	0.0043838772237010624	0.003284119145149547	0.18200543502413705	-0.007990951818722355	0.016758706266124482
1,3	0.0013512121763704556	0.003284286352686825	0.6807918364475757	-0.011024246917703638	0.01372667127044455
1,5	0.005414679576293874	0.003284377319017947	0.09931614827531662	-0.006961122286342046	0.017790481438929792
1,6	0.0017205974279847595	0.003283251882237873	0.6002750667236729	-0.010650963696987292	0.014092158552956811
1,7	-0.004049823977850874	0.0032845679938102246	0.21766427670557764	-0.016426344318670093	0.008326696362968343
1,8	0.0018588830963421517	0.0032837841164357223	0.5713760767451004	-0.010514683530537052	0.014232449723221356
1,9	-0.0051995618769548665	0.003284460704636069	0.11349396457553773	-0.01757567794340717	0.007176554189497435
1,10	0.001003338362264218	0.003284838077439922	0.7600452330186841	-0.01137419967572034	0.013380876400248777
1,11	0.0016574620980289619	0.0032862583813173026	0.6140392212618191	-0.01072542776091399	0.014040351956971914
1,12	0.0012783483473829136	0.0032840698659366307	0.6971095218462132	-0.011096295006943261	0.013652991701709086
1,13	-0.002172167802182284	0.0032832339073906864	0.5082751278267755	-0.014543661196462734	0.010199325592098168
2,3	0.02678695682671853	0.003286278264582272	4.971786809072409e-16	0.014403992046009976	0.039169921607427084
2,5	-0.048202951518323364	0.0032860223964916065	2.533980985497522e-47	-0.06058495216717816	-0.03582095086946857
2,6	0.001848211381365374	0.003284159104636493	0.5736307251957732	-0.010526768231667002	0.01422319099439775
2,7	-0.017187060074787906	0.003286285153523974	1.7954132211403084e-07	-0.02957005081359118	-0.004804069335984632
2,8	0.0052981028344223635	0.003284166052070467	0.10678574916207953	-0.00707690295710839	0.017673108625953116
2,9	0.016068713312561954	0.0032847476308573214	1.0436991095343242e-06	0.0036915160846843643	0.028445910540439545
2,10	0.02210110915040868	0.003286528727765264	2.046711606181187e-11	0.009717200603979712	0.03448501769683765
2,11	-0.03744266258550923	0.0032872755781694165	1.5453085344341827e-29	-0.049829385325231186	-0.02505593984578728
2,12	0.0049379867687095735	0.003284823236837828	0.13285905868264022	-0.007439495348674762	0.017315468886093907
2,13	-0.007433425529262072	0.0032838845135794337	0.02365940101347088	-0.019807370460774836	0.004940519402250692
3,5	5.422535036215398e-05	0.003286075881749368	0.9868352073187668	-0.012327976835310221	0.01243642753603453
3,6	-0.0014856935455337282	0.003283660115429338	0.6509726123022906	-0.013858792926497887	0.010887405835430429
3,7	-0.02589150794880264	0.0032868682138456223	4.433340410258421e-15	-0.038276695706496805	-0.013506320191108478
3,8	-0.004185052353271462	0.0032848767406026993	0.20273534448758562	-0.016562736077209685	0.00819263137066676
3,9	-0.007813647722660634	0.0032846490880890805	0.017420781787314016	-0.02019047363334282	0.004563178188021551
3,10	-0.013175644630524879	0.0032866614816727258	6.229765290810512e-05	-0.025560053404514706	-0.0007912358565350507
3,11	-0.029685228770385153	0.0032862202319285617	2.6960361743815155e-19	-0.042067974879316954	-0.01730248266145335
3,12	-0.0298780367925554	0.0032854660333819165	1.564167136532736e-19	-0.042257941019793424	-0.017498132565317376
3,13	-0.00455770697645875	0.003284190323288426	0.165295087524092	-0.016932804223920187	0.007817390271002686
5,6	-0.003407635669953179	0.003285314279001046	0.2996992213298903	-0.01578696807429541	0.00897169673438905
5,7	-0.041308682756090696	0.0032869339046890274	1.8444105666770507e-35	-0.05369411804224557	-0.028923247469935822
5,8	0.01648267192192475	0.003285365169421849	5.510376659914029e-07	0.004103147758322425	0.02886219608552707
5,9	0.014001902753871961	0.0032870214987024762	2.1005135050288077e-05	0.0016161374063235565	0.026387668101420368
5,10	0.0242428078566486	0.0032844740437263154	1.9533530085347476e-13	0.011866641527415296	0.036618974185881906
5,11	-0.08008727461106128	0.003286135879412688	2.7502321535814804e-121	-0.09246970287282705	-0.06770484634929552
5,12	-0.04222495056148254	0.0032861947441358503	5.902540455663533e-37	-0.05460760063033067	-0.029842300492634408
5,13	-0.0089601835477829	0.0032842626051713046	0.006399637849382315	-0.021335553159279853	0.0034151860637140503
6,7	0.0035007924547051823	0.0032847044887739252	0.28659404045243253	-0.008876242210280208	0.015877827119690574
6,8	-0.004135331973915293	0.0032835399756773044	0.20796549770823505	-0.016507978658486015	0.008237314710655431
6,9	0.004932687291812864	0.00328469534559475	0.1332603023224423	-0.007444312920926979	0.017309687504552706
6,10	0.0028571246350704146	0.0032824713983399915	0.38413145316224906	-0.00951149556285856	0.015225744832999391
6,11	-0.0022056968349691633	0.0032841818909322305	0.5018750078439248	-0.014580762308624068	0.010169368638685741
6,12	0.0017042175184869175	0.0032831212365192044	0.6037346843533744	-0.01066685132275175	0.014075286359725585
6,13	-0.0061513288668029135	0.0032829251889855346	0.061050557117897176	-0.018521658984930106	0.006219001251324281
7,8	0.03684246403856874	0.0032861113804426288	1.099524777401669e-28	0.02446012809092217	0.049224799986215304
7,9	-0.00237687373771073	0.0032859266472061053	0.46951358703180424	-0.014758513595441128	0.01000476612001967
7,10	0.0019152260085112298	0.0032849908189973667	0.5599153101891887	-0.010462887572131041	0.014293339589153502
7,11	-0.04601249673975871	0.0032866282822456724	2.2750017653202618e-43	-0.05839678041559712	-0.033628213063920304
7,12	-0.03216669907768941	0.003286013091768347	2.427550261502045e-22	-0.04454866466558736	-0.019784733489791463
7,13	0.0014418376130247612	0.003284283088673847	0.6606804682771046	-0.01093360918198197	0.013817284408031491
8,9	0.0025545404253343035	0.0032840632952807697	0.4367044521334452	-0.009820078170224181	0.014929159020892788
8,10	-0.005427083333743231	0.0032837476097227324	0.09847976946286592	-0.017800512400347614	0.0069463457328611524
8,11	0.02090732571491618	0.003285871252448906	2.2386187638933816e-10	0.008525894589153133	0.03328875684067922
8,12	0.005570094427664947	0.0032845991263315316	0.090008819089649	-0.006806543223036099	0.017946732078365994
8,13	0.0029378688362955148	0.0032834827064832464	0.370986875265661	-0.009434562053276752	0.015310299725867782
9,10	-0.0035581667871448924	0.0032853336703867575	0.2788628989056153	-0.015937572259811524	0.00882123868552174
9,11	0.008374048648385236	0.0032848787109375018	0.010837224896620506	-0.004003642499935373	0.020751739796705845
9,12	0.0022468166376586013	0.0032856278463296775	0.4941268022813341	-0.010133697313976404	0.014627330589293608
9,13	0.008546399753498147	0.003284416191159298	0.009304473123910813	-0.0038295485825397633	0.02092234808953606
10,11	0.008975766964692149	0.0032861234290667324	0.006338007513076979	-0.0034066143831536465	0.021358148312537944
10,12	-0.0030297599124534703	0.0032841594534440822	0.35631208609160103	-0.015404740839821318	0.009345221014914378
10,13	0.008986671873807599	0.0032836416131461622	0.006235406401507976	-0.0033863577890430943	0.021359701536658292
11,12	-0.04504461502063012	0.003286905673321568	1.1261089626714147e-41	-0.0574299439286877	-0.03265928611257254
11,13	-0.007426749778104954	0.003284300741623051	0.023802716862748215	-0.019802263090865406	0.0049487635346555005
12,13	-0.00012741037248123932	0.003282981850628616	0.9690446139968678	-0.012497953996305215	0.012243133251342735
1,2,3	-0.000683417832564091	0.0032855814154879974	0.8352370851148204	-0.013063756828997202	0.01169692116386902
1,2,5	-0.002972568281329327	0.003285516525677523	0.36566072892456936	-0.015352662767659203	0.009407526205000547
1,2,6	-0.0016145484730105165	0.0032841348937337035	0.6230184631400866	-0.013989436857384692	0.010760339911363659
1,2,7	0.0025574015032163305	0.003284885761230808	0.43630591394464846	-0.009820316211185016	0.014935119217617678
1,2,8	0.0016611625020113378	0.00328363627459272	0.6129650133775392	-0.010711847044734164	0.01403417204875684
1,2,9	0.0017959722189654446	0.003284771940306936	0.5845805980300076	-0.010581316608902828	0.014173261046833717
1,2,10	0.004959621263891267	0.0032851145002064314	0.1312039704861394	-0.007418958357643644	0.01733820088542618
1,2,11	-0.0017351627931983006	0.0032876558958003276	0.5976847877920727	-0.014123318600801273	0.010652993014404671
1,2,12	0.0008588255083387328	0.00328550747179502	0.793800919156994	-0.011521234862222746	0.013238885878900212
1,2,13	0.0017048111120533502	0.0032831964294945735	0.6036169187017897	-0.010666541062454989	0.014076163286561688
1,3,5	0.0005588657534966977	0.0032853113982522207	0.8649331437328962	-0.011820455795948785	0.01293818730294218
1,3,6	0.0026868267031274267	0.00328371728282587	0.4132833278746306	-0.009686488089253802	0.015060141495508654
1,3,7	-0.002481783083811179	0.003284798798102377	0.44997853342885263	-0.014859173114045245	0.009895606946422886
1,3,8	0.00022386939217465453	0.0032855261456232383	0.9456796319105567	-0.012156261342896015	0.012604000127245323
1,3,9	0.0009601031191303101	0.0032842167679811777	0.7700451704507352	-0.011415093774092262	0.013335300012352882
1,3,10	0.000861448905989195	0.0032840521561244033	0.793095774094045	-0.011513127716318742	0.01323602552829713
1,3,11	-0.005565666503371262	0.0032879271464399903	0.09059067914187806	-0.017954844405528393	0.0068235113987858715
1,3,12	-0.0033013218368695956	0.0032844241265527502	0.31489679323523073	-0.01567730007411785	0.00907465640037866
1,3,13	-0.0008019792659509973	0.003283403591800791	0.80704968630543	-0.013174112044941138	0.011570153513039144
1,5,6	-0.001957686721414445	0.0032844112175401704	0.5511777398406634	-0.014333616316449454	0.010418242873620566
1,5,7	-0.0022824854280262576	0.003285479372294303	0.487277558710032	-0.014662439917375094	0.010097469061322579
1,5,8	-0.0042553335832156295	0.003285339297601487	0.19531987217588312	-0.016634760259686746	0.008124093093255489
1,5,9	-0.0006959672404588581	0.003285416202971386	0.8322478671431862	-0.01307568370264203	0.011683749221724314
1,5,10	-0.0024511976150819095	0.003284414587295209	0.45552929153761146	-0.014827139907628998	0.009924744677465179
1,5,11	-0.0036933187857548008	0.003286469548259755	0.26117717817309455	-0.01607700433897581	0.00869036676746621
1,5,12	0.0007818577357202082	0.003285314214659586	0.8119061679083962	-0.011597474426178148	0.013161189897618563
1,5,13	-0.0029281999702024776	0.0032826244785593194	0.37243825773620387	-0.015297396986894793	0.009440997046489836
1,6,7	-0.0013365968909072878	0.0032839883210065667	0.6840298888921839	-0.013710932977279948	0.011037739195465373
1,6,8	0.001382016568278091	0.0032839794293845963	0.6739007909149284	-0.010992286013737106	0.013756319150293288
1,6,9	0.0011172410639061908	0.0032847872656871432	0.7337822180561395	-0.01126010551124581	0.013494587639058192
1,6,10	-0.004238305679036077	0.0032829147894349606	0.19678254011291715	-0.016608596610807727	0.008131985252735573
1,6,11	0.0026045193286001068	0.003286019284795926	0.4280611419563025	-0.00977746959513133	0.014986508252331544
1,6,12	-0.0034973400408791983	0.003284007381692382	0.2869671945990212	-0.015871747949472055	0.00887706786771366
1,6,13	-0.0010533601469427602	0.003282043172452705	0.7482701740043572	-0.013420366754769642	0.011313646460884123
1,7,8	-0.0013003520200276005	0.003284680977217933	0.6922149374674971	-0.013677298091550615	0.011076594051495414
1,7,9	0.004317719571919268	0.003284750114793897	0.18877299697836508	-0.008059487015634118	0.016694926159472656
1,7,10	-0.0037187565111776403	0.003283811883402367	0.25752258950477414	-0.016092427766253956	0.008654914743898675
1,7,11	-0.0035073872418453353	0.0032866776561558697	0.28597663703908316	-0.015891856962608076	0.008877082478917404
1,7,12	0.0042240345394202	0.003285192116195018	0.19860510815579824	-0.00815483754549599	0.016602906624336392
1,7,13	-0.00038542291057628913	0.003282894821497546	0.9065471686182303	-0.012755638601529652	0.011984792780377073
1,8,9	0.001608606111888177	0.003284310494601523	0.6243168011427082	-0.010766943950891356	0.013984156174667708
1,8,10	-0.003132308257347803	0.003283237565326252	0.34013433701637663	-0.015503815435028085	0.00923919892033248
1,8,11	-0.005839694785410351	0.003286723193075876	0.07569597514082956	-0.018224336093005142	0.006544946522184441
1,8,12	-0.0019451008434273956	0.003284644543912763	0.5537684030400629	-0.014321909631282248	0.010431707944427457
1,8,13	-0.0029646957176504476	0.0032834748120491196	0.36663377987349055	-0.01533709686035045	0.009407705425049555
1,9,10	-2.374975616765019e-05	0.0032841502305186346	0.9942304583353936	-0.012398695930799484	0.012351196418464185
1,9,11	0.0017316092667123651	0.0032865375652333323	0.5983107473815509	-0.010652332580017743	0.014115551113442475
1,9,12	-2.548042693548483e-05	0.0032847825040006355	0.9938112251170304	-0.012402809059663998	0.012351848205793029
1,9,13	-0.0047773142307511885	0.003283216304044595	0.14573939800114316	-0.017148741294186493	0.007594112832684116
1,10,11	-0.0008046637854806707	0.0032859442505659316	0.8065633264458901	-0.01318636997410797	0.011577042403146628
1,10,12	0.0010508741833869183	0.0032834193138753126	0.7489459261105293	-0.011321317837663512	0.01342306620443735
1,10,13	-0.00027546547546183605	0.003282303634705504	0.9331213243530256	-0.012643453526320453	0.012092522575396782
1,11,12	-0.000565641038097653	0.0032869677972758218	0.8633799181989126	-0.012951204034286436	0.011819921958091128
1,11,13	-0.0028483649453261125	0.0032848161041638627	0.38592998861193994	-0.015225820186212661	0.009529090295560434
1,12,13	-0.00483586283961793	0.003282129256727073	0.1407355358316553	-0.017203193820018236	0.0075314681407823774
2,3,5	-0.01993544359676546	0.0032872852497451187	1.465682697966505e-09	-0.03232220277977421	-0.007548684413756708
2,3,6	0.0041955544142635885	0.003285544771991089	0.20169644430614547	-0.008184646506481732	0.016575755335008907
2,3,7	0.004724494810887261	0.0032858751668482346	0.15057495473617707	-0.0076569510646520116	0.017105940686426534
2,3,8	0.013798577246899412	0.0032850828901477727	2.7313501552284812e-05	0.0014201167346460566	0.02617703775915277
2,3,9	0.00468007225752992	0.0032841840995815725	0.15423692056209465	-0.007695001538496012	0.01705514605355585
2,3,10	0.017863725459633245	0.0032855669535669704	5.789485326123494e-08	0.005483440956899182	0.030244009962367306
2,3,11	-0.02118618803110322	0.003288114905356897	1.329405658363615e-10	-0.03357607342418721	-0.008796302638019228
2,3,12	-0.005436755083480772	0.0032854289631694083	0.0980532833064853	-0.017816519627131787	0.006943009460170244
2,3,13	-0.002683031916800803	0.003283982485875313	0.4139810068933075	-0.015057346015922542	0.009691282182320937
2,5,6	0.0006268929828299793	0.0032853636470038207	0.8486825098329059	-0.011752625444176929	0.013006411409836887
2,5,7	0.012709263135735022	0.003285640922780306	0.00011167720889024224	0.00032869991096653485	0.02508982636050351
2,5,8	-0.0037192702496143294	0.0032850456877936926	0.25763560151322834	-0.016097590580360446	0.008659050081131787
2,5,9	-0.012331660800028439	0.0032858146786275424	0.00017757377414270937	-0.024712878751014106	4.955715095722804e-05
2,5,10	-0.02081641966799251	0.0032854069248057093	2.658802308916784e-10	-0.03319610116928998	-0.008436738166695044
2,5,11	0.010921045034786935	0.0032862068008415743	0.0008987680604596619	-0.0014616504647126313	0.0233037405342865
2,5,12	-0.00889796159216803	0.003285349545086318	0.006794314898971982	-0.02127742688199856	0.003481503697662501
2,5,13	0.0014391059107692543	0.003283611601251917	0.661218249773847	-0.01093381066481386	0.01381202248635237
2,6,7	-0.0003934804788304916	0.0032843166052806314	0.9046438087316119	-0.012769053567147758	0.011982092609486777
2,6,8	0.0025100263641673944	0.0032831312108482984	0.4446078456290442	-0.009861080061157566	0.014881132789492355
2,6,9	-0.002948026358978859	0.003283803477703964	0.3693820888757976	-0.015321665940697383	0.009425613222739663
2,6,10	0.007445390708777433	0.0032833858492070976	0.023414746688884148	-0.00492667521467123	0.019817456632226095
2,6,11	-0.002709508855219636	0.0032856142719317615	0.4096219928698045	-0.01508997165741513	0.009670953946975858
2,6,12	-0.0006806536403971327	0.003283627129789158	0.8357977154600627	-0.013053628728776266	0.011692321447982
2,6,13	-0.004504799251879016	0.0032827260786005607	0.17006635703525466	-0.016874379105820986	0.007864780602062952
2,7,8	-0.004528545896224812	0.0032839132395148765	0.16798032362584978	-0.016902599069407408	0.007845507276957781
2,7,9	0.003983958931559745	0.0032847381378252514	0.22526175664203496	-0.008393202525798027	0.016361120388917516
2,7,10	0.001600916937621228	0.00328374173713248	0.6259146251096639	-0.010772490000583666	0.013974323875826122
2,7,11	0.005634773124848624	0.0032865436125037472	0.08652602308729967	-0.006749191508490085	0.018018737758187332
2,7,12	0.005142110110932348	0.0032856170735977865	0.11766502591208962	-0.007238363248169447	0.01752258347003414
2,7,13	0.003104877676843797	0.0032825161637485643	0.3442735045035662	-0.009263911200799165	0.015473666554486759
2,8,9	-0.002936426661984619	0.003283166466519731	0.371175666203708	-0.015307665933557682	0.009434812609588445
2,8,10	0.000368078955666434	0.0032833113105249093	0.9107457913578223	-0.012003706099942677	0.012739864011275545
2,8,11	-0.004834252688277189	0.003286180585908224	0.1413581183440641	-0.017216849407767798	0.007548344031213421
2,8,12	0.004825346188867231	0.0032843762808873822	0.14187356275733892	-0.007550451762007971	0.017201144139742434
2,8,13	-0.0017526560562083006	0.003282984413358901	0.5934719676885942	-0.014123209336609202	0.010617897224192601
2,9,10	0.0021241434814781076	0.003284001843396695	0.517793846206003	-0.010250243558364475	0.01449853052132069
2,9,11	-0.00970088919313945	0.0032859676203827047	0.003176036943510049	-0.022082683441144176	0.0026809050548652763
2,9,12	-0.0006722231655678385	0.0032844913626381925	0.8378451466732363	-0.013048454753874948	0.01170400842273927
2,9,13	0.0031517943911446755	0.003282122425767195	0.3369750118983693	-0.009215510849641157	0.015519099631930508
2,10,11	-0.016183704336033475	0.0032865729353581535	8.863843415863279e-07	-0.028567779460281398	-0.003799629211785553
2,10,12	0.0034761627036297453	0.003283866300825812	0.2898743945228844	-0.008897713600740549	0.01585003900800004
2,10,13	0.0014771960379597444	0.0032826480137040184	0.6527374078870116	-0.01089208966107912	0.013846481736998609
2,11,12	-0.006795313492891027	0.0032872430841782226	0.03879101681952711	-0.019181913792601472	0.005591286806819419
2,11,13	0.00364014549776648	0.0032850280960527805	0.2678941975471589	-0.008738108545863755	0.016018399541396715
2,12,13	-0.0016829817185906907	0.003282145971863853	0.6081455705470369	-0.014050375682990947	0.010684412245809566
3,5,6	-0.0011240366396622235	0.003285538717586378	0.7322838987582962	-0.013504214746916331	0.011256141467591886
3,5,7	0.02002605147177102	0.003285147850733977	1.20654342274121e-09	0.007647346182725702	0.03240475676081634
3,5,8	0.007503453140060035	0.0032847329692046144	0.022411205047802602	-0.004873688841513232	0.0198805951216333
3,5,9	0.003822092953161719	0.0032859688902272034	0.24484589563655362	-0.008559706079720744	0.016203891986044182
3,5,10	0.014915698996218177	0.0032841119852200598	5.7668193093123e-06	0.002540896932993579	0.027290501059442775
3,5,11	-0.020297329130636657	0.00328523013610886	7.222874446247346e-10	-0.032676344477692014	-0.007918313783581302
3,5,12	0.018140130895164086	0.003285667240326604	3.6169994827824963e-08	0.005759468503732679	0.030520793286595495
3,5,13	0.0023533128525844863	0.003283626403053294	0.4736188570718505	-0.01001965949739458	0.014726285202563555
3,6,7	-0.0026160456121935884	0.0032842524931157267	0.4257711389600234	-0.014991377120639611	0.009759285896252435
3,6,8	-0.0043981851139557665	0.0032833317025146823	0.1804790697949716	-0.01677004700824707	0.007973676780335538
3,6,9	0.0017444879730023422	0.0032833705266870038	0.5952376992920153	-0.010627520213939732	0.014116496159944418
3,6,10	-0.005462562168183276	0.0032830771214766396	0.09623128993369397	-0.017833464780340168	0.006908340443973616
3,6,11	-0.0009239846951397896	0.00328607696312818	0.7785877066877285	-0.01330619095553581	0.011458221565256228
3,6,12	-0.0005324109405319896	0.003283284784396313	0.8711908065739404	-0.012904096043523055	0.011839274162459076
3,6,13	0.0025110590526500796	0.0032825435228161707	0.4443389885547232	-0.009857832916193118	0.014879951021493278
3,7,8	0.0009515524381516673	0.0032854592761842236	0.7721200370533708	-0.011428326327413817	0.013331431203717152
3,7,9	0.0003167964026208874	0.003284744200127486	0.9231728715796719	-0.01206038789798661	0.012693980703228384
3,7,10	-0.005670728158013259	0.0032845725817243756	0.08435069807697555	-0.018047265786467537	0.0067058094704410195
3,7,11	0.013758078389726779	0.003287193544790736	2.9173783788899418e-05	0.001371664758472597	0.02614449202098096
3,7,12	0.009969277701185112	0.003285506752072474	0.002428549179831619	-0.002410779957403058	0.022349335359773282
3,7,13	0.0015631214290004443	0.003283422714621177	0.6340581231616043	-0.01080908340633803	0.013935326264338917
3,8,9	-0.0023071961173629987	0.0032835515786434517	0.482319111480072	-0.01467988652285739	0.010065494288131393
3,8,10	-0.002943553553547069	0.003284905684937619	0.3702693398549072	-0.01532134634210218	0.009434239235008041
3,8,11	0.006357391811901113	0.0032879589737459846	0.05325077577245661	-0.006031906018143272	0.018746689641945497
3,8,12	0.003464945986117839	0.003285155136705912	0.2916226090558564	-0.008913786757064529	0.015843678729300207
3,8,13	-0.0004747124599620532	0.003282877152760102	0.8850330183339683	-0.012844861573670315	0.011895436653746209
3,9,10	-0.004734209446739364	0.0032842739006387557	0.14953930597640983	-0.01710962162047979	0.007641202727001065
3,9,11	0.007988781943971995	0.0032853857791768164	0.015081799712271584	-0.0043908198788695525	0.02036838376681354
3,9,12	0.0014111571994558283	0.0032839791682151933	0.6674334585319102	-0.010963144398451738	0.013785458797363394
3,9,13	1.9059761692987853e-05	0.003283227446682825	0.9953684856167383	-0.012352409288112811	0.012390528811498788
3,10,11	0.011973364049010898	0.0032868060838362146	0.00027354846090535395	-0.00041158959773574845	0.024358317695757546
3,10,12	-0.004081458710162413	0.003284828753842699	0.21412897375407172	-0.016458961616071487	0.008296044195746663
3,10,13	-0.008644619497379656	0.0032833146688383023	0.008503390170966983	-0.021016417207387793	0.003727178212628482
3,11,12	0.014748356842765218	0.0032872974078249264	7.474763263794386e-06	0.002361551847119208	0.027135161838411227
3,11,13	0.0014292933332947034	0.003285260570004162	0.6635440313581293	-0.01094983669116266	0.013808423357752068
3,12,13	-0.0032866142815323523	0.003283395540990016	0.31690570415209335	-0.015658716724410254	0.009085488161345547
5,6,7	-0.004315979051408188	0.003284694916150093	0.18894381528954043	-0.016692977645965505	0.008061019543149129
5,6,8	0.0019196029471858795	0.0032849121114897142	0.5590093999819403	-0.010458214057142165	0.014297419951513924
5,6,9	-0.003952383196732693	0.0032849478512974586	0.22898830244274732	-0.016330334871573985	0.0084255684781086
5,6,10	-1.0433859671191668e-05	0.00328442943807457	0.9974654942244595	-0.012386432111167276	0.012365564391824894
5,6,11	-0.0008757380410637106	0.0032853325822782436	0.7898237497256173	-0.013255139413648634	0.011503663331521212
5,6,12	0.000178591891970766	0.003285027132505001	0.9566471368134595	-0.012199658520932775	0.012556842304874308
5,6,13	0.0018557986234013744	0.003283164520940159	0.5719421517127317	-0.010515433317069032	0.01422703056387178
5,7,8	-0.0054225504920929705	0.003285287033786651	0.0989192061756625	-0.017801780234243163	0.00695667925005722
5,7,9	-0.004602150352783772	0.003286723983574202	0.16153506724887895	-0.016986794639040792	0.007782493933473246
5,7,10	-0.001263237396086467	0.0032841930188817875	0.7005263669555495	-0.013638344800763747	0.011111870008590815
5,7,11	0.013506667806665965	0.0032864981842467135	4.052029710325134e-05	0.0011228743507083559	0.025890461262623572
5,7,12	0.0239246585986537	0.0032863634597627054	4.104929431290036e-13	0.01154137279555025	0.03630794440175715
5,7,13	-0.0006378811846043087	0.0032836384913675063	0.8459832326257369	-0.013010899084338176	0.011735136715129558
5,8,9	-0.00429678199935872	0.0032846826894770017	0.1909163732008211	-0.016673734522813687	0.008080170524096247
5,8,10	-0.0009787137382825202	0.0032835523784137707	0.7656708969623666	-0.013351407157376764	0.011393979680811725
5,8,11	0.0002636981790911583	0.0032863893408900014	0.9360513884082867	-0.012119685146212785	0.012647081504395101
5,8,12	-0.003766644919645655	0.0032853309322855816	0.2516652662715472	-0.01614604007492353	0.008612750235632217
5,8,13	-1.2662414720619481e-05	0.0032823824092955965	0.9969222365354008	-0.012380947294665575	0.012355622465224337
5,9,10	-0.0014400934649555028	0.003285373761957891	0.6611707657521213	-0.013819650005935097	0.010939463076024092
5,9,11	7.894146807095517e-05	0.0032854858752626526	0.9808321784689216	-0.0123010375249935	0.012458920461135413
5,9,12	-0.004975159145514881	0.0032857194402729226	0.1300716087131071	-0.01735601823060543	0.007405699939575667
5,9,13	-0.006385492978910685	0.0032853662064722916	0.0520219362353132	-0.018765021050203737	0.005994035092382367
5,10,11	-0.00892548340316332	0.003284245408527238	0.006606869986230174	-0.021300788216301558	0.0034498214099749173
5,10,12	0.0021141976538548955	0.0032847930171088324	0.5198564214457184	-0.010263170593123556	0.014491565900833347
5,10,13	-0.003064256223142604	0.003283731474236834	0.3508004270562214	-0.01543762448991888	0.009309112043633671
5,11,12	-0.003054812081636873	0.0032878236803785526	0.3528865145090554	-0.015443600115227918	0.009333975951954171
5,11,13	0.005860021750962414	0.0032832607954594714	0.07437770865465718	-0.0065115729597562625	0.01823161646168109
5,12,13	0.0005125481535268785	0.003283609915605691	0.8759688298039248	-0.011860362070403647	0.012885458377457405
6,7,8	0.001522003494352801	0.0032846208864950226	0.6431261633939696	-0.0108547161504207	0.013898723139126302
6,7,9	-0.0026830088075663625	0.0032846634637664746	0.4140818180910908	-0.015059888886974546	0.009693871271841823
6,7,10	-0.0004270611476166093	0.003283392774463797	0.8965208881281677	-0.012799153165997869	0.01194503087076465
6,7,11	-0.00514500267062019	0.0032853955135705216	0.11743402920717119	-0.0175246411734519	0.007234635832211519
6,7,12	-0.007864926997814747	0.003284803654934703	0.016702882980984293	-0.02024233532898951	0.004512481333360017
6,7,13	-0.0014156571712098452	0.0032821176888589636	0.6662592041707321	-0.013782944562938758	0.010951630220519067
6,8,9	-0.0018825721822539514	0.0032831582120547795	0.5664089146571247	-0.014253780350329214	0.01048863598582131
6,8,10	0.0005145954720923432	0.003282628530135873	0.8754405126621242	-0.01185461681127118	0.012883807755455865
6,8,11	-0.001009438550194917	0.0032856288562706985	0.7586878429269769	-0.013389956307370138	0.011371079206980304
6,8,12	0.0031569607087512256	0.0032833138219452453	0.3363590802173235	-0.009214833810094736	0.015528755227597186
6,8,13	-0.0012929644559771217	0.0032823429187289342	0.6936677762497875	-0.013661100532243026	0.011075171620288784
6,9,10	0.0005919368652846854	0.0032837936101626926	0.8569588645701808	-0.011781665534732776	0.012965539265302146
6,9,11	-0.0034347839199907367	0.003285469260657774	0.2958888142338061	-0.015814700307867656	0.008945132467886181
6,9,12	-0.002827708550446015	0.003284182051382813	0.38929251102037443	-0.015202774628691813	0.009547357527799782
6,9,13	0.0023897704363428384	0.0032840746092835187	0.4668554949309971	-0.009984890791301639	0.014764431663987315
6,10,11	0.00036822286549928647	0.0032849967184085116	0.9107566603728027	-0.012009912944605787	0.01274635867560436
6,10,12	-0.004108157900241346	0.003283281829483511	0.21093250940388028	-0.016479831868879746	0.008263516068397052
6,10,13	0.001438340869316779	0.0032827903378365654	0.661307688757264	-0.010931481118672343	0.013808162857305902
6,11,12	0.005256290746920341	0.0032862431121081868	0.10980376260467699	-0.00712654157639614	0.017639123070236823
6,11,13	0.0047456127623944685	0.0032846695292115167	0.1486104717765657	-0.0076312901721057955	0.017122515696894734
6,12,13	0.005187442946026962	0.0032815505761323058	0.11401661094056911	-0.00717770751865089	0.017552593410704816
7,8,9	-0.010462890578114026	0.0032849173444464714	0.0014596299973829957	-0.02284072730065033	0.0019149461444222787
7,8,10	-0.001276242165033868	0.0032835765417415547	0.6975407195336341	-0.013649026633519808	0.011096542303452073
7,8,11	-0.00972286808637014	0.003287601064321994	0.0031229023255193006	-0.02211081728448651	0.00266508111174623
7,8,12	-0.0041976128641759685	0.0032855167265332173	0.20147151433291355	-0.016577708107346496	0.008182482378994561
7,8,13	-0.0010655947840023674	0.003282366685226501	0.7454713262788764	-0.013433820414371316	0.01130263084636658
7,9,10	-0.00045201761608313924	0.0032850741824145156	0.8905665577872144	-0.012830445316886714	0.011926410084720434
7,9,11	0.004296513683378442	0.0032864308420728406	0.1911801398626798	-0.008087026021770444	0.01668005338852733
7,9,12	0.0006427987064427337	0.0032866564773061328	0.8449516239286576	-0.011741591210685234	0.013027188623570702
7,9,13	0.002095001993853506	0.0032841109607852814	0.5235672146955146	-0.010279796209217217	0.014469800196924228
7,10,11	0.0017732418422557296	0.003285912245990607	0.5894729930095768	-0.010608343750519007	0.014154827435030468
7,10,12	0.001856626568850789	0.003284918320302796	0.5719759741195238	-0.010521213830791812	0.01423446696849339
7,10,13	-0.0013681548056530394	0.0032828136919043874	0.6768774980966835	-0.013738064793676256	0.011001755182370178
7,11,12	0.026176696368315586	0.003288533381490885	2.3062537550482855e-15	0.013785234122995864	0.03856815861363531
7,11,13	0.005861797427112859	0.003284524395141878	0.07440140972837862	-0.006514558630364792	0.01823815348459051
7,12,13	-0.0008541136909694207	0.0032824445100951343	0.7947197671930765	-0.013222632571796717	0.011514405189857876
8,9,10	-0.0038700632903512257	0.0032836544783335538	0.23864411126905147	-0.016243141430278277	0.008503014849575826
8,9,11	-0.006903795624225268	0.0032855739296792853	0.03569097860261452	-0.01928410641352004	0.005476515165069503
8,9,12	-0.0034869859468076216	0.003284513865087201	0.28847055975978203	-0.015863302326179614	0.008889330432564369
8,9,13	-0.002302576667857787	0.0032826166993888805	0.48307179931504907	-0.014671744372000825	0.01006659103628525
8,10,11	0.000395024339475903	0.003284680230569159	0.9042820131395725	-0.011981918918613577	0.012771967597565383
8,10,12	-0.005014177716859285	0.003283460629532967	0.12682636107334103	-0.017386525418680618	0.007358169984962047
8,10,13	-0.0017626947708374386	0.0032831821423552634	0.591380524574606	-0.014133993110238507	0.010608603568563628
8,11,12	0.0002510139686522483	0.0032875372758843437	0.9391424825163519	-0.012136694869423599	0.012638722806728096
8,11,13	-0.00023383232859612536	0.003285310395473993	0.9432624675210995	-0.012613150099491384	0.012145485442299132
8,12,13	0.0058404967892927324	0.0032824466253206478	0.0752756001622482	-0.006528030061876978	0.018209023640462445
9,10,11	0.003893397832599668	0.0032854175782277895	0.2360766903835166	-0.008486323811661903	0.01627311947686124
9,10,12	-0.006611332435473972	0.0032853613658696754	0.04425858221597303	-0.0189908422669812	0.005768177396033254
9,10,13	-0.002765199510672643	0.0032835595461772173	0.3997702336230221	-0.015137919938484703	0.009607520917139418
9,11,12	-0.0024283239666360312	0.003287534552719929	0.46017169087691534	-0.014816022543606054	0.009959374610333992
9,11,13	-0.007462398710363659	0.0032843652843539644	0.023141183262355154	-0.019838155225403227	0.004913357804675909
9,12,13	-0.0005470312267796431	0.0032826581586974015	0.8676607946960748	-0.012916355152981774	0.011822292699422487
10,11,12	0.006938467217040288	0.003286784161074775	0.034841503293739765	-0.005446403822951561	0.019323338257032138
10,11,13	-0.005512456830444197	0.003284234691675492	0.09334681802173458	-0.017887721261610173	0.006862807600721778
10,12,13	0.0024275053263015842	0.003283260731978699	0.4597393052787999	-0.00994408914521636	0.014799099797819529
11,12,13	0.0003533262223162667	0.0032849282437437104	0.9143510683508437	-0.012024551569661814	0.012731204014294348
