Params:	79
Performance_R2:	0.8031502560175994
Alpha:	0.05
Alpha_Bonf:	0.0006329113924050633
Term	Coefficient	StdErr	p_value	CI_lower	CI_upper
Intercept	8.599366539936623	0.003515939609775763	0.0	8.587341941256598	8.611391138616648
1	-0.00390108462364926	0.0035149483014130724	0.2671332203063578	-0.01592229300504761	0.008120123757749089
2	0.1059629331928691	0.0035151864382173873	9.392841283749623e-179	0.09394091037782837	0.11798495600790984
3	0.09871672354572539	0.0035154323181265696	1.7050248209895817e-157	0.08669385981543594	0.11073958727601484
5	0.2391439262932079	0.003515915405345821	0.0	0.22711941039292022	0.2511684421934956
6	0.0009745438511266497	0.0035143010633333148	0.7815590518023989	-0.011044450960352045	0.012993538662605345
7	0.09217327320987885	0.003515380312056023	3.634660967352525e-139	0.08015058734161112	0.10419595907814658
8	-0.047671147610286	0.0035145413877948352	6.101319308862388e-41	-0.05969096433724776	-0.03565133088332424
9	-0.04100312086472146	0.0035153560016826613	6.694879782878872e-31	-0.053025723590923085	-0.028980518138519828
10	-0.026772028475943267	0.003514501942832888	3.2601369773741074e-14	-0.03879171030017915	-0.014752346651707385
11	0.2590952584192517	0.003515704085354908	0.0	0.24707146523845458	0.2711190516000488
12	0.09946723870409577	0.003515244352742186	1.151059848645645e-159	0.08744501781997656	0.11148945958821498
13	0.006444069664104909	0.003514544919618461	0.06680188939179743	-0.005575759141779245	0.018463898469989064
1,2	0.004251393645716999	0.003515000614241065	0.22654781236085889	-0.007769993646820972	0.01627278093825497
1,3	0.0007166422689972481	0.0035145605748247177	0.8384376298983613	-0.011303240078071734	0.01273652461606623
1,5	0.004909493677289309	0.0035150186024284066	0.16258157451701266	-0.007111955135285343	0.01693094248986396
1,6	0.0015422923188212912	0.0035135262288197677	0.6607171383960702	-0.010474052539841681	0.013558637177484264
1,7	-0.003430092297926417	0.0035144704565283394	0.32913243258856695	-0.01544966643823762	0.008589481842384786
1,8	0.001791064317942452	0.003514457555090703	0.6103427380575	-0.010228465699139346	0.01381059433502425
1,9	-0.006039168204032821	0.0035146514146829053	0.08582829439182134	-0.018059361225618457	0.005981024817552817
1,10	0.00042338167026243455	0.0035143906675169398	0.9041166826392044	-0.011595919589695964	0.012442682930220833
1,11	0.0016287545376814164	0.0035161147233419066	0.6432297945737546	-0.010396443034983703	0.013653952110346536
1,12	0.001054049013176019	0.0035144042259544856	0.7642530451638321	-0.010965298616967397	0.013073396643319435
1,13	-0.001552260188158257	0.0035139128097495353	0.6586980860496351	-0.013569927162970463	0.010465406786653947
2,3	0.02587555796988787	0.0035154170074864575	2.2430878761744752e-13	0.01385274660235868	0.037898369337417054
2,5	-0.048519364616194126	0.003515850559617715	2.7684120268149378e-42	-0.060543658742520066	-0.036495070489868185
2,6	0.0025004257946901207	0.0035141566277878127	0.47680095487325513	-0.009518075043722325	0.014518926633102565
2,7	-0.017549662704919325	0.0035148030265158736	6.216071754985133e-07	-0.029570374242648276	-0.005528951167190373
2,8	0.004541298399205522	0.00351449455145065	0.19638130018584646	-0.0074783581463239625	0.016560954944735008
2,9	0.01638698128959041	0.0035139570747226207	3.2198307796082277e-06	0.0043691629274974185	0.0284047996516834
2,10	0.020618409698853632	0.0035142338278273105	4.822560652770656e-09	0.008599644834435035	0.032637174563272225
2,11	-0.03796394023393097	0.0035165240934687345	8.960505287195675e-27	-0.0499905378623516	-0.025937342605510345
2,12	0.004444226060416846	0.003514539271696131	0.2061207272771407	-0.007575583429436053	0.016464035550269745
2,13	-0.007113449076783488	0.0035139464736091658	0.04300589415343673	-0.01913123118281153	0.0049043330292445515
3,5	0.0003938942587801055	0.0035158443331867522	0.9108024724718702	-0.011630378573001034	0.012418167090561245
3,6	-0.0027777270224926447	0.00351411214919499	0.4293160063303626	-0.014796075743039625	0.009240621698054334
3,7	-0.02546706917152978	0.003515349620867178	5.251459435090548e-13	-0.03748965007518781	-0.01344448826787175
3,8	-0.0034973424895876643	0.003514437167588611	0.3197350681180595	-0.015516802780918184	0.008522117801742855
3,9	-0.006810473909727272	0.0035142186388065952	0.05270182371394312	-0.018829186827326892	0.0052082390078723485
3,10	-0.01179752606142641	0.003514473183967067	0.0007963205010037039	-0.023817109529644165	0.00022205740679134486
3,11	-0.029558011665243078	0.003516796748778283	6.028956479963003e-17	-0.04158554178143062	-0.01753048154905554
3,12	-0.029246626620883925	0.0035153554338636407	1.2243882254790026e-16	-0.04126922740513074	-0.017224025836637107
3,13	-0.004224987949717552	0.003513580121609741	0.2292567390696305	-0.016241517123028414	0.00779154122359331
5,6	-0.0031084075720775985	0.0035153988080616045	0.3766314242209955	-0.015131156697132699	0.0089143415529775
5,7	-0.04029971821246791	0.0035156482956402875	6.41884005740502e-30	-0.05232332059108885	-0.02827611583384697
5,8	0.01672580281374163	0.003515238564257677	2.0288229304785324e-06	0.004703601726379736	0.028748003901103526
5,9	0.014641652356517628	0.0035158704985467294	3.192067689985518e-05	0.002617290038571205	0.02666601467446405
5,10	0.024049483795680875	0.00351446656344592	9.034768418666956e-12	0.012029922969805902	0.03606904462155585
5,11	-0.07904157209342219	0.0035164355960982598	5.208966116431974e-105	-0.09106786705869092	-0.06701527712815346
5,12	-0.04151959762227095	0.0035161586628599858	1.2938385196874037e-31	-0.053544945469152845	-0.029494249775389052
5,13	-0.008539580035480557	0.003514524730596435	0.015154428526330796	-0.020559339794420067	0.003480179723458954
6,7	0.0037457414253785123	0.003514323667921406	0.28656085182304836	-0.008273330694339314	0.01576481354509634
6,8	-0.0046815653140303195	0.0035137857643979297	0.18282954937547782	-0.01669879779066088	0.007335667162600239
6,9	0.004184015239019756	0.003514679834922088	0.23394966879195522	-0.007836274980472697	0.01620430545851221
6,10	0.0025771919068019924	0.0035140705211025892	0.4633655817761365	-0.009441014444660051	0.014595398258264036
6,11	-0.0017737475612925237	0.0035160609444558864	0.613961030323952	-0.013798761208864033	0.010251266086278986
6,12	0.001579042783594187	0.0035141779053473785	0.6532163243494506	-0.01043953082458767	0.013597616391776044
6,13	-0.006407440188643883	0.0035135754771232304	0.06828934902333342	-0.01842395347769831	0.005609073100410546
7,8	0.03696117654677383	0.0035152672207042746	1.6856922787642704e-25	0.024938877453670037	0.04898347563987763
7,9	-0.002819214184253278	0.003515361219428487	0.42262167098817427	-0.014841834755272093	0.009203406386765537
7,10	0.0017751046423082166	0.003514326844068973	0.6135149679267395	-0.010243978339911268	0.013794187624527702
7,11	-0.04547601118177818	0.0035168615956406506	1.918621476937216e-37	-0.05750376307580669	-0.03344825928774967
7,12	-0.032286656364349076	0.003515571852199525	6.741050871949622e-20	-0.044309997304549875	-0.02026331542414828
7,13	0.0022998002754900542	0.003514200428819065	0.5128749840039464	-0.009718850363510865	0.014318450914490972
8,9	0.0027096997244360037	0.0035142168629379183	0.4407157914046834	-0.009309007119649701	0.014728406568521708
8,10	-0.00563766206550641	0.0035136719170904863	0.10869051431246131	-0.017654505181586237	0.0063791810505734155
8,11	0.020895355934336834	0.0035163117619916697	3.0675083663831154e-09	0.008869484484713969	0.0329212273839597
8,12	0.005580604959232871	0.003514567810115731	0.11240555221643024	-0.006439302132706735	0.017600512051172478
8,13	0.003390607740689119	0.003513834649276969	0.3346422821926859	-0.00862679192341256	0.0154080074047908
9,10	-0.0031204187766274115	0.0035146820350513744	0.3746930122316511	-0.015140716520615348	0.008899878967360525
9,11	0.008695960871828536	0.0035159836505705413	0.013432921532224345	-0.0033287884287817506	0.020720710172438823
9,12	0.002353963273572668	0.0035155047231385937	0.5031578616523549	-0.00966914808361276	0.014377074630758097
9,13	0.009586078733026023	0.0035144373067750746	0.006409164338248904	-0.002433382034325575	0.02160553950037762
10,11	0.008528714169806006	0.0035162339941158982	0.015333646545375465	-0.003496891311796889	0.0205543196514089
10,12	-0.0022727666745992053	0.0035148201419999436	0.5179153810551971	-0.014293536747698498	0.009748003398500087
10,13	0.009459802186906856	0.00351439538808831	0.007140151292515604	-0.0025595152175200402	0.02147911959133375
11,12	-0.044788726424157876	0.00351709989670808	2.1713856812963426e-36	-0.056817293313612606	-0.03276015953470315
11,13	-0.00663885123439012	0.0035152140761896544	0.05902268247997447	-0.01866096857196587	0.00538326610318563
12,13	0.0005116329154299893	0.0035137929659666855	0.8842395354762334	-0.011505624190740256	0.012528890021600236
