Params:	79
Performance_R2:	0.7604131725114613
Alpha:	0.05
Alpha_Bonf:	0.0006329113924050633
Term	Coefficient	StdErr	p_value	CI_lower	CI_upper
Intercept	8.650843047483564	0.0029726804586671777	0.0	8.640676085304293	8.661010009662835
1	-0.00046390804079791004	0.0029297351488904587	0.8741941207682188	-0.010483991554047615	0.009556175472451797
2	0.08554831348030853	0.00293627557428488	1.2098707999555958e-167	0.07550586084311631	0.09559076611750075
3	0.08935479101617845	0.002945522395811014	4.313833619977331e-180	0.07928071302064656	0.09942886901171034
5	0.19774115451188218	0.002970481250946106	0.0	0.18758171391524847	0.20790059510851588
6	0.0005283761863075292	0.0029293018536600017	0.8568674930207907	-0.00949022539967762	0.010546977772292679
7	0.0626351801159534	0.002960969073123832	1.1112963348790865e-93	0.05250827243145277	0.07276208780045403
8	-0.036794192675218114	0.0029311831493197085	2.1183195472341794e-35	-0.04681922854234657	-0.02676915680808966
9	-0.034906865003023355	0.0029312633310970815	4.286069628918596e-32	-0.044932175102485	-0.02488155490356171
10	-0.01823772807624855	0.0029303709027927267	5.417295373346579e-10	-0.028259985952323173	-0.008215470200173929
11	0.21445195827433988	0.0029724467084449977	0.0	0.20428579555188942	0.22461812099679035
12	0.07339542631200717	0.002954731299438197	8.535882562647402e-126	0.06328985264238857	0.08350099998162577
13	0.0032973788963463722	0.0029299215204792255	0.2604885188053458	-0.006723342032502026	0.01331809982519477
1,2	0.0021898402487803364	0.0029194043478721616	0.4532448205133568	-0.007794910552227001	0.012174591049787674
1,3	0.00024952436725947857	0.002920072548238414	0.9319072905009478	-0.009737511767791097	0.010236560502310055
1,5	0.0037778517051753496	0.00293123069519178	0.19754126986740828	-0.006247346775153496	0.013803050185504194
1,6	0.0014400571465256373	0.0029150338182465166	0.6213291295696788	-0.008529745862404767	0.011409860155456041
1,7	-0.0034942784417675045	0.0029258415847322914	0.23244704284144252	-0.01350104544821836	0.006512488564683351
1,8	-0.0008771385483862708	0.002916894791646143	0.7636533454173334	-0.010853306333630075	0.009099029236857532
1,9	-0.004337967608822359	0.0029167527412092215	0.1370344578023579	-0.01431364956269619	0.005637714345051472
1,10	-0.00035290395723268494	0.002916301185279542	0.9036892709623472	-0.010327041529824131	0.00962123361535876
1,11	0.0002486645718102233	0.0029350482964221295	0.9324867633510783	-0.00978959061201036	0.010286919755630806
1,12	0.0005456175824768992	0.0029236884822618106	0.8519694761840911	-0.009453785527420041	0.010545020692373838
1,13	-0.003815282002276975	0.002915440576302981	0.19073806668885923	-0.013786476177810614	0.006155912173256664
2,3	0.02321319143297298	0.0029230492572715006	2.6533381466171623e-15	0.013215974557483303	0.03321040830846266
2,5	-0.021884843241347658	0.0029371228692471178	1.1542221716445438e-13	-0.03193019373989953	-0.011839492742795785
2,6	0.0035032200686153383	0.002918629963720699	0.23010383950177787	-0.006478882235693609	0.013485322372924286
2,7	-0.005746506659616188	0.0029309555590242443	0.05000018301982832	-0.01577076413769189	0.004277750818459512
2,8	0.0012827740266710525	0.002919647923737702	0.6604278543443887	-0.008702809836162862	0.011268357889504968
2,9	0.009230925852494227	0.0029195279235068425	0.0015811535574373188	-0.0007542475936044846	0.01921609929859294
2,10	0.01209106984135488	0.002919171987197149	3.523196431028601e-05	0.0021071137447322384	0.02207502593797752
2,11	-0.010854568815770353	0.0029416987286909396	0.0002276832468244911	-0.02091556936166161	-0.0007935682698790962
2,12	0.008388960496446093	0.00292770902123414	0.004189555976982204	-0.0016241933909865811	0.018402114383878766
2,13	-0.00533392371581822	0.0029183071265885437	0.06767094106316371	-0.015314921874236505	0.004647074442600065
3,5	0.021917139909318317	0.002943930041113887	1.2094035162889898e-13	0.011848507978443149	0.03198577184019349
3,6	-0.0010214090769695631	0.002920421789071259	0.7265490802184265	-0.011009639662075691	0.008966821508136564
3,7	-0.008107058965371356	0.0029371832580000466	0.005806957816571752	-0.01815261600148272	0.0019384980707400096
3,8	-0.0023212252150766823	0.00292080806641989	0.42682898028690675	-0.012310776920043771	0.007668326489890407
3,9	-0.006288918296753992	0.0029209560863982403	0.03138263285458296	-0.016278976249715978	0.0037011396562079933
3,10	-0.006467245953764943	0.0029201733258125426	0.026844899877684993	-0.01645462676151039	0.0035201348539805047
3,11	-0.004925623545564759	0.0029482301827361674	0.09486737626053426	-0.015008962532192175	0.005157715441062657
3,12	-0.010200614774008106	0.0029350779909462286	0.0005161251066106246	-0.020238971517046928	-0.00016225803096928636
3,13	-0.0025376833969639177	0.002919768883314033	0.38482970576619735	-0.012523680957622029	0.007448314163694195
5,6	-0.0035418993101514404	0.0029317440183181374	0.22708085518850868	-0.013568853423782952	0.006485054803480071
5,7	-0.009323165298540777	0.002959269938590293	0.0016433912541560475	-0.019444261717155218	0.0007979311200736645
5,8	0.007490981879652236	0.0029330672209094935	0.010691167102692226	-0.0025404977626692507	0.017522461521973724
5,9	0.004603746312647504	0.0029331487429986015	0.11660646053798322	-0.005428012146051412	0.01463550477134642
5,10	0.014914428354013975	0.0029320589568911167	3.8311955380733926e-07	0.004886397108613747	0.024942459599414202
5,11	-0.0156409224128946	0.0029724117330806963	1.5084393275623802e-07	-0.025806965514951628	-0.005474879310837569
5,12	-0.014377876146860537	0.0029575934734227117	1.2160441649455734e-06	-0.02449323883183268	-0.004262513461888396
5,13	-0.005694360136368785	0.0029307361229624507	0.05209697594300938	-0.015717867113954426	0.004329146841216856
6,7	0.0015610506949057489	0.002925418037742709	0.5936401877005795	-0.00844426772455969	0.011566369114371188
6,8	-0.002783616315718734	0.0029159744867260557	0.33983980858224283	-0.01275663653584546	0.007189403904407991
6,9	0.0022957205543726105	0.002916566059733285	0.43125711854004	-0.007679322924047229	0.01227076403279245
6,10	0.003021281820372764	0.0029159233859014353	0.3002105382818527	-0.006951563628143467	0.012994127268888994
6,11	-0.003122486154033433	0.00293488230785766	0.2874357848693325	-0.013160173634906923	0.006915201326840058
6,12	0.0007262625121270063	0.0029231505982642977	0.8037989894240822	-0.009271300963024259	0.01072382598727827
6,13	-0.004784910935835186	0.002915050166949634	0.10079179367069989	-0.014754769859502671	0.0051849479878323
7,8	0.032054302852790435	0.0029287919243599046	1.9126865620192585e-27	0.02203744529277117	0.0420711604128097
7,9	-0.004566205568385512	0.002926819487847186	0.11881867768094352	-0.014576317133433353	0.005443905996662329
7,10	0.00196727376418339	0.00292586270521989	0.5013891003567456	-0.008039565477141549	0.01197411300550833
7,11	-0.013986448386699997	0.0029638918635743108	2.4614134439956783e-06	-0.02412335240292249	-0.0038495443704775027
7,12	-0.009817403009068897	0.0029491800010672084	0.0008808515268339596	-0.019903990500600606	0.0002691844824628097
7,13	0.004195104750938846	0.002925609334193032	0.15168101193764363	-0.005810867927806225	0.014201077429683916
8,9	0.0007880531691540969	0.0029174825183913536	0.787088051769064	-0.009190124719655624	0.010766231057963819
8,10	-0.004262065069296831	0.002915927186042204	0.14392495203273717	-0.014234923514799453	0.005710793376205791
8,11	0.01007828835113542	0.002937281748651145	0.0006078109488437993	3.2394463909833984e-05	0.02012418223836101
8,12	0.0021836423843098773	0.002924529915713745	0.4553152200974818	-0.007818638539802596	0.01218592330842235
8,13	0.0035053985630425794	0.002915943109869456	0.22938529592720944	-0.0064675143440652075	0.013478311470150366
9,10	-0.0008455050259544199	0.002917635771002352	0.7719928102831445	-0.010824207059058007	0.009133197007149166
9,11	0.0004504980885014472	0.0029359806101340717	0.8780596270804868	-0.009590945732100092	0.010491941909102985
9,12	-0.0021434127201479286	0.0029250490640000625	0.46374160973288214	-0.012147469200384179	0.007860643760088323
9,13	0.007884917342754438	0.0029168907431827607	0.0069001501265124185	-0.0020912365962066377	0.01786107128171551
10,11	6.96893231755388e-06	0.0029359963614607517	0.9981062613522713	-0.010034528759914271	0.01004846662454938
10,12	-0.0007557824541875148	0.0029239523461409675	0.7960515470022234	-0.010756088013613479	0.009244523105238447
10,13	0.007023614264247755	0.0029160808630165954	0.016064958426529594	-0.002949769776927928	0.016996998305423436
11,12	-0.01593567898909733	0.002959229123401137	7.707772743401092e-08	-0.02605663581434132	-0.0058147221638533385
11,13	-0.00269456272354656	0.002934317443548438	0.35852746704085925	-0.01273031829342318	0.00734119284633006
12,13	-0.0016681563484338964	0.002922991856553873	0.5682377216621137	-0.011665176905841866	0.008328864208974072
