Params:	378
Performance_R2:	0.8797645094247893
Alpha:	0.05
Alpha_Bonf:	0.00013227513227513228
Term	Coefficient	StdErr	p_value	CI_lower	CI_upper
Intercept	8.152286128533621	0.003116097720008512	0.0	8.140369223848461	8.164203033218781
1	0.002216304862758811	0.0031114577430617265	0.4762999473066979	-0.00968285514043578	0.014115464865953402
2	0.1503090754202696	0.0031134724762157608	0.0	0.1384022104652025	0.1622159403753367
3	0.10989942204771574	0.003115899053264254	4.4020729209948835e-251	0.09798327712456152	0.12181556697086997
4	0.44752827279706786	0.003115717275290975	0.0	0.43561282304812704	0.4594437225460087
5	0.2819986599521016	0.0031163634631729735	0.0	0.270080738984319	0.2939165809198842
6	0.0011545987104637778	0.0031109197818395204	0.7105415715353636	-0.010742503965526926	0.013051701386454482
7	0.10197208085876289	0.00311297907401307	3.5752444323612933e-219	0.09006710282366726	0.11387705889385852
8	-0.0486598152225564	0.0031116807898499913	3.2644014788304024e-54	-0.06055982822445479	-0.03675980222065801
9	-0.06423796329788697	0.0031115310054130995	5.499389542018726e-92	-0.07613740347857816	-0.05233852311719579
10	-0.03425686898068638	0.003112256297949613	5.96559003594451e-28	-0.046159082900458656	-0.022354655060914108
11	0.33245654038706685	0.0031150529805074366	0.0	0.3205436311032621	0.3443694496708716
12	0.09033026658034081	0.003113423219526485	6.417204677265774e-175	0.07842358999782297	0.10223694316285865
13	0.004724545385273667	0.003110200689248758	0.12879523145499355	-0.007169807262112703	0.016618898032660038
1,2	-0.001940470910272607	0.003111354655638567	0.5328619330140707	-0.01383923667583205	0.009958294855286836
1,3	0.001246579117872182	0.0031127329734138387	0.6888171029228369	-0.010657457753740291	0.013150615989484655
1,4	-0.006499928069748695	0.0031125105657974985	0.03680454179719525	-0.018403114387045054	0.005403258247547666
1,5	-0.00313679691482463	0.003111914058149252	0.3134910369384457	-0.015037702005591258	0.008764108175941998
1,6	-0.0005294580271030247	0.0031087068932092897	0.8647676617438992	-0.012418097944459425	0.011359181890253376
1,7	-0.0009544795240152837	0.003109741787629909	0.7589041488130123	-0.01284707719214777	0.010938118144117203
1,8	0.0017271989070733497	0.0031092531813028484	0.5785684388353772	-0.010163530181973584	0.013617927996120284
1,9	-0.0009641399543624191	0.0031086868371368384	0.7564607872894537	-0.012852703171202587	0.010924423262477747
1,10	0.0013344613095211668	0.0031098281518828065	0.6678556189548603	-0.010558466641761102	0.013227389260803434
1,11	0.0029927833940899262	0.0031116326161706393	0.3361806753636537	-0.008907045377018306	0.014892612165198158
1,12	0.002202472903987479	0.003110520602292268	0.4789239230768477	-0.009693103188101081	0.01409804899607604
1,13	-0.005296999462781023	0.0031084604747784114	0.08841424197299586	-0.017184697001169463	0.006590698075607418
2,3	0.054613826954616695	0.0031156309898826957	2.289303956657191e-67	0.04269870718729988	0.06652894672193352
2,4	-0.04474968382511907	0.0031160687940545405	4.062783521776452e-46	-0.056666477888640765	-0.03283288976159737
2,5	-0.010573479907438565	0.0031158999174516746	0.0006941281495256081	-0.022489628135508123	0.0013426683206309905
2,6	0.0022891793153874407	0.003111234566704468	0.4618900639271124	-0.009609127193592141	0.014187485824367022
2,7	-0.008652067007725354	0.0031134903162215437	0.005468857487270519	-0.020559000188396258	0.003254866172945549
2,8	-0.003046899864053536	0.0031115064094187402	0.32749692025287314	-0.014946245982187393	0.008852446254080321
2,9	0.007554144251341124	0.0031109525494596862	0.015197128194220562	-0.004343083737987403	0.019451372240669652
2,10	0.009150872276782808	0.0031131360321480146	0.0032987628135466712	-0.0027547060139215176	0.02105645056748713
2,11	0.007891051342260008	0.003114536417942767	0.011310628983487274	-0.004019882449310468	0.019801985133830483
2,12	0.0031058295211273037	0.003113508329172662	0.31853981312235674	-0.008801172546542937	0.015012831588797544
2,13	-0.0010627937781639443	0.003109955019943704	0.732557314377809	-0.012956206911467172	0.010830619355139284
3,4	-0.01100112897628397	0.0031168905551815763	0.00041897353222537223	-0.02292106570409439	0.0009188077515264528
3,5	0.01770694896394656	0.003116756918365075	1.3908567307506848e-08	0.005787523303935602	0.02962637462395752
3,6	-0.0015417757976962099	0.00311191700567401	0.6203033017563095	-0.013442692160693286	0.010359140565300866
3,7	-0.030602452215527567	0.0031142037945840004	1.2074777462235391e-22	-0.042512113954287556	-0.018692790476767574
3,8	-0.017552660882781665	0.0031138023463961073	1.7968455910053193e-08	-0.029460787361668246	-0.005644534403895084
3,9	-0.015114993250313919	0.0031123106529026517	1.22047412018978e-06	-0.027017415039945463	-0.003212571460682375
3,10	-0.015771826686212548	0.0031135662195574806	4.1765285135981446e-07	-0.027679050144307625	-0.003864603228117469
3,11	-0.005511607497924752	0.0031158757738406996	0.07695735891852169	-0.01742766339348853	0.006404448397639024
3,12	-0.040413860864281025	0.0031151734404205	4.728336620625134e-38	-0.05232723082340193	-0.02850049090516012
3,13	-0.002941077072880364	0.0031121728213217474	0.3446792181220346	-0.01484297175265855	0.008960817606897823
4,5	-0.04371600066083309	0.003115727017393077	3.958588019853476e-44	-0.05563148766653303	-0.031800513655133145
4,6	0.00012642490620029534	0.003111708999550756	0.9675930011554599	-0.011773695978166946	0.012026545790567536
4,7	-0.009991694893074124	0.0031143251926081944	0.001341196762056385	-0.021901820894772342	0.0019184311086240923
4,8	0.0009571320172311569	0.0031131305772832507	0.7585099670953069	-0.01094842541241254	0.012862689446874853
4,9	0.023578626994058934	0.003112539852182546	4.039285046650311e-14	0.011675328676725815	0.035481925311392055
4,10	0.007379591597130097	0.0031135244405858724	0.017806564503674818	-0.004527472085480632	0.019286655279740827
4,11	-0.07405872493379198	0.0031152181035185083	3.136003421181398e-120	-0.0859722656981731	-0.062145184169410866
4,12	0.008892613129155014	0.0031138377015808754	0.004304918485289325	-0.003015648558702809	0.020800874817012836
4,13	0.0016147708639153995	0.003111980123566344	0.6038547751517547	-0.010286386881083931	0.01351592860891473
5,6	-0.001335837085876368	0.0031121804548118184	0.6677699570443059	-0.013237760958440457	0.01056608678668772
5,7	-0.01646774273447468	0.0031143495800070664	1.2759229402145829e-07	-0.028377962000997684	-0.004557523467951675
5,8	-0.0007993734840506528	0.003113051973091815	0.7973551244848951	-0.012704630307377935	0.01110588333927663
5,9	0.00336072886763855	0.003113247161990663	0.280404954950907	-0.008545274417357198	0.015266732152634297
5,10	0.01562378664906347	0.0031126719154214236	5.310198148654332e-07	0.003719983281769942	0.027527590016356997
5,11	0.0009541125428806103	0.0031150216368350607	0.7593898414298592	-0.010958676873195405	0.012866901958956626
5,12	-0.01934432280696218	0.0031147622173918945	5.581192284848954e-10	-0.03125612012424815	-0.007432525489676213
5,13	-0.0036151762378280054	0.0031115037218392757	0.24532592381898885	-0.015514512077841216	0.008284159602185205
6,7	0.004368564689389634	0.0031104588304826006	0.16022129097976748	-0.007526775168525875	0.01626390454730514
6,8	-0.0011530587984306534	0.0031095222542583535	0.7107861762152935	-0.013044816904232589	0.010738699307371282
6,9	0.0006418956101812215	0.0031090180300324104	0.836435632808408	-0.011247934188943445	0.012531725409305888
6,10	0.002275477619342243	0.003109781209254462	0.46436610421145563	-0.009617270809063043	0.014168226047747527
6,11	0.0006308074017977059	0.003111682175713894	0.8393579434982671	-0.011269210900065423	0.012530825703660837
6,12	0.0005012464515419509	0.0031103311748532547	0.8719756870336681	-0.011393605212451502	0.012396098115535405
6,13	-0.0029059236101056153	0.00310870091017641	0.34993837285305385	-0.014794540646526	0.00898269342631477
7,8	0.027488067475283567	0.003111348566675175	1.2501827323295841e-18	0.015589324995770615	0.03938680995479652
7,9	-0.007858783158101425	0.0031100704709627744	0.011529722352787352	-0.019752637811187947	0.0040350714949850975
7,10	0.003608008386175295	0.003111009685866345	0.24618799787284465	-0.008289438110136448	0.01550545488248704
7,11	-0.017997781317717745	0.003113443267233012	7.758685111275432e-09	-0.02990453456875799	-0.006091028066677504
7,12	-0.014171768192524302	0.003112933505137787	5.389206052058277e-06	-0.026076571958392143	-0.002266964426656458
7,13	0.0029739369406569334	0.0031092329497460747	0.3388597443952601	-0.008916714776768388	0.014864588658082253
8,9	0.008433047745781866	0.003109077336108275	0.006696118566127803	-0.0034570088578004376	0.02032310434936417
8,10	-0.005006420368891517	0.0031097635793801448	0.10746369474211195	-0.01689910137529957	0.006886260637516536
8,11	0.010142050426532944	0.0031122532163384894	0.0011243607448134603	-0.0017601517082218698	0.02204425256128776
8,12	0.0017260279159537198	0.0031112531426716523	0.5790700562326876	-0.01017234963316974	0.01362440546507718
8,13	0.0020607646529133194	0.003108618397490251	0.5074036365012347	-0.00982753682991901	0.01394906613574565
9,10	-0.0017680804441251152	0.00311000185894581	0.5697039559201273	-0.013661672704007097	0.010125511815756867
9,11	-0.003841446944969326	0.0031113676942404606	0.217002391379326	-0.01574026257410493	0.008057368684166278
9,12	-0.003947101445726615	0.0031107789184890186	0.20453772128858036	-0.015843665417455646	0.007949462526002414
9,13	0.0018690991369186751	0.003108355576180068	0.5476499305122309	-0.010018197237350287	0.013756395511187637
10,11	-0.011050336617078636	0.0031129591284819263	0.0003880622107745554	-0.022955238374401582	0.0008545651402443091
10,12	-0.002713510356021402	0.003111311975150767	0.3831598769538507	-0.014612112898424599	0.009185092186381794
10,13	0.004030643925987167	0.0031089633375489534	0.1948598560264206	-0.007858976712459335	0.015920264564433666
11,12	-0.01781046782006015	0.0031143297227336515	1.1162545035929163e-08	-0.029720611146334855	-0.00590032449378545
11,13	-0.0021138618839747717	0.0031108626532309783	0.4968372015763428	-0.014010746082804629	0.009783022314855085
12,13	4.817000080907638e-05	0.003109290496125421	0.9876398820775816	-0.01184270179145961	0.011939041793077764
1,2,3	-0.0018270284700131478	0.0031104770105034375	0.5569681249187652	-0.013722437853853372	0.010068380913827077
1,2,4	0.006545551251676662	0.0031105720550021468	0.035388375785757785	-0.005350221611211313	0.018441324114564638
1,2,5	-0.0022468795280356224	0.0031096852051675453	0.4699850516471825	-0.014139260807636226	0.009645501751564981
1,2,6	-1.6337772753560742e-06	0.003109501364627109	0.9995807947489859	-0.011893311994778909	0.011890044440228197
1,2,7	-0.003987982993047999	0.003109740199370865	0.19973871930442438	-0.015880574587195218	0.007904608601099221
1,2,8	0.0022010696105781817	0.0031082489497901338	0.47888293146494376	-0.009685818991971165	0.014087958213127529
1,2,9	0.00017938100414250594	0.0031092644252304884	0.953995265559118	-0.01171139108510083	0.012070153093385844
1,2,10	0.0015498655666721164	0.003109837064303059	0.6182352100496495	-0.010343096468413741	0.013442827601757974
1,2,11	0.004019683431342604	0.0031089148760290865	0.19606946441200715	-0.007869751875524132	0.01590911873820934
1,2,12	-0.0034840019236207446	0.0031098135420992916	0.26261351120175075	-0.015376874002650835	0.008408870155409346
1,2,13	0.0013741591680094247	0.0031084867686738777	0.6584543651004214	-0.010513638926226178	0.013261957262245029
1,3,4	-0.0004067204282102166	0.0031112144138633726	0.8959948306013208	-0.01230494986660086	0.011491509010180426
1,3,5	0.003962266520216778	0.0031103339581763983	0.20273954627527094	-0.007932595788050247	0.015857128828483804
1,3,6	0.0029952960395589062	0.003108318836667469	0.335260250688449	-0.008891859831648481	0.014882451910766294
1,3,7	-0.0022496065789799104	0.003108388072924932	0.46926092248426465	-0.014137027230677217	0.009637814072717396
1,3,8	0.0039082239330549	0.003108371073389182	0.2086787112535709	-0.007979131707251421	0.01579557957336122
1,3,9	0.004008692814028969	0.003108186274522569	0.19718995712267307	-0.00787795609924976	0.015895341727307697
1,3,10	0.002318893121744301	0.0031090420527109695	0.45578020044523126	-0.009571028547403836	0.014208814790892439
1,3,11	-0.0057882608450152	0.0031108584245797917	0.06283338014345778	-0.0176851288721978	0.006108607182167401
1,3,12	-0.0003560125320166696	0.0031096856355457697	0.9088565583646321	-0.012248395457514398	0.01153637039348106
1,3,13	-0.003004428821433431	0.0031076614901904887	0.3336866250594297	-0.014889070799940663	0.0088802131570738
1,4,5	0.007993676014857731	0.0031105787153867547	0.010195071980338066	-0.003902122319365122	0.019889474349080585
1,4,6	0.0020976947027169096	0.003107932733269295	0.49973062279591285	-0.009787984591756343	0.013983373997190162
1,4,7	-0.0027076303045208	0.0031093229446832057	0.38388746626680936	-0.0145986261899358	0.0091833655808942
1,4,8	-0.0004028538421706057	0.0031083037506074336	0.8968821075234353	-0.012289952019699658	0.011484244335358447
1,4,9	-0.005360755802837968	0.0031085045509515667	0.08465341961810802	-0.01724862190190761	0.0065271102962316755
1,4,10	-0.0006689623525004424	0.003108864663197069	0.8296340070981483	-0.012558205630237513	0.011220280925236628
1,4,11	-0.0014385274833754224	0.0031112087581440053	0.6438307885620269	-0.013336735292576393	0.01045968032582555
1,4,12	-0.001045994414947576	0.0031092592276893444	0.7365696735122331	-0.01293674662721401	0.010844757797318859
1,4,13	0.0037421405762044376	0.0031076005184259713	0.2285567567946473	-0.008142268227745534	0.015626549380154408
1,5,6	-0.001371150614426206	0.003107716072192771	0.6590756441538919	-0.013256001331098015	0.010513700102245603
1,5,7	-0.0005290309517550149	0.003107611080025304	0.8648285049699607	-0.012413480146470578	0.011355418242960548
1,5,8	-0.007139957288003547	0.0031076125620112184	0.021615476767535093	-0.019024412150283634	0.00474449757427654
1,5,9	-0.001106547525530308	0.0031083177697131857	0.7218545120675666	-0.012993699316380261	0.010780604265319646
1,5,10	7.071573142291773e-05	0.0031072500011205435	0.9818437153968382	-0.011812352587826444	0.01195378405067228
1,5,11	-0.005245966692677393	0.0031099769813356312	0.0916825750125129	-0.01713946381301757	0.006647530427662785
1,5,12	-0.00226659250094283	0.0031092775613091764	0.4660398560810338	-0.014157414826543218	0.009624229824657557
1,5,13	0.0027539221492515293	0.0031072195060062335	0.3754872980438334	-0.009129029547413032	0.014636873845916089
1,6,7	-0.0028524371147755703	0.003107726755331662	0.35872714967734287	-0.014737328687017182	0.009032454457466041
1,6,8	-0.0035109407010876677	0.0031067697656342267	0.2584752880553127	-0.015392172453890436	0.008370291051715101
1,6,9	0.0013059570516902952	0.0031080910803654546	0.6743669460095556	-0.010580327810201458	0.01319224191358205
1,6,10	0.0014240403543213914	0.003107782404997587	0.6468103194430123	-0.010461064039155038	0.01330914474779782
1,6,11	0.0006787206139498587	0.0031079297468936122	0.8271366425447391	-0.011206947259715203	0.01256438848761492
1,6,12	0.001295495823937344	0.0031084074951941557	0.6768582208972425	-0.010591999104420038	0.013182990752294727
1,6,13	-0.00263670472732043	0.003107822676352281	0.39623908591263324	-0.014521963130695955	0.009248553676055095
1,7,8	0.0019682310777078514	0.0031078645364682436	0.5265540316319623	-0.009917187411472697	0.0138536495668884
1,7,9	-0.0025302290431066738	0.0031079820944556113	0.41561137167231477	-0.014416097109757608	0.00935563902354426
1,7,10	0.00011249504164214264	0.0031074602800330474	0.9711226349497097	-0.011771377448073862	0.011996367531358146
1,7,11	-0.0013058477939275849	0.0031084481879942202	0.6744278801373702	-0.013193498343919238	0.01058180275606407
1,7,12	9.459640490662967e-05	0.003108712213999529	0.9757254203183795	-0.011794063860768672	0.011983256670581931
1,7,13	0.0015489741289681225	0.003106825006024596	0.6180969299652034	-0.010332468879875358	0.013430417137811602
1,8,9	-0.0021259848369287503	0.003106901964792359	0.4938221315057586	-0.014007722159488464	0.009755752485630962
1,8,10	-0.003169952605495502	0.003106604175927762	0.30757787971284994	-0.015050551092936883	0.00871064588194588
1,8,11	-0.0050142334441771914	0.0031079912593229386	0.10671641361482773	-0.016900136560066052	0.006871669671711669
1,8,12	-0.0009032317842988056	0.0031077077446301023	0.7713333561528455	-0.012788050653840166	0.010981587085242555
1,8,13	-0.0012667916898509897	0.0031069702210073198	0.6834874496151806	-0.013148790044920254	0.010615206665218273
1,9,10	0.00027194106448809145	0.003107901681698019	0.93027665982778	-0.011613619479339811	0.012157501608315994
1,9,11	0.00033278216875886084	0.0031075008108292666	0.9147206564959109	-0.011551245323039477	0.0122168096605572
1,9,12	0.004033044724848641	0.0031084646701142484	0.1945225475124463	-0.007854668857779034	0.015920758307476315
1,9,13	-0.0013521673009306507	0.0031064618492043154	0.6633756812165086	-0.013232221487727486	0.010527886885866186
1,10,11	-0.0002289119755706434	0.0031077380604789353	0.9412840476340436	-0.01211384678213114	0.011656022830989854
1,10,12	0.004307552149264625	0.0031083144789062667	0.16584698314947138	-0.0075795870565395695	0.01619469135506882
1,10,13	-0.002136449304968928	0.00310675764852333	0.4916781536586913	-0.014017634718257153	0.009744736108319298
1,11,12	0.0003289904003304315	0.003108517825713609	0.9157161766847174	-0.011558926465463555	0.012216907266124418
1,11,13	0.00012063451809701266	0.003106794903432714	0.9690276250575995	-0.011760693369286724	0.01200196240548075
1,12,13	-0.003668406201172451	0.0031074255021065213	0.23782974304140223	-0.015552145689528165	0.008215333287183263
2,3,4	-0.02911876491814641	0.00311447278193936	1.1597586218526802e-20	-0.04102945534630043	-0.01720807448999239
2,3,5	0.007802493788146403	0.003113774972448237	0.012239903665472762	-0.00410552800444439	0.019710515580737196
2,3,6	0.0011918717330840212	0.0031102570024860543	0.7015779863974043	-0.010702696273235756	0.013086439739403799
2,3,7	-0.001075637597935948	0.003110694360132503	0.729513148446046	-0.012971878192811788	0.010820602996939892
2,3,8	0.006985129840113839	0.0031109883604034773	0.024779226013759977	-0.004912235101146941	0.018882494781374617
2,3,9	-0.001482537557848898	0.003110205399860953	0.6336128546633386	-0.013376908220047891	0.010411833104350095
2,3,10	0.012071274965728402	0.0031106466267033024	0.00010513672723492842	0.00017521691799234768	0.023967333013464456
2,3,11	-0.0009816321123906624	0.003112442787905904	0.7524752066568247	-0.012884559226431393	0.010921295001650068
2,3,12	-0.013162788940164975	0.003112164663091653	2.3721696408495316e-05	-0.025064652420391936	-0.0012609254599380143
2,3,13	-0.0013018101212720215	0.003109696510585189	0.6754998355126587	-0.013194234636225492	0.010590614393681447
2,4,5	-0.03755303530960233	0.003115141943370184	3.86494391796683e-33	-0.04946628481443065	-0.025639785804774006
2,4,6	-0.0004738160806428693	0.003110000716892027	0.878913363280592	-0.012367403972964106	0.011419771811678367
2,4,7	-0.008491097862237854	0.003111991265086478	0.006377922148921933	-0.020392298215796162	0.0034101024913204547
2,4,8	0.008143024430852588	0.0031104604035987987	0.008864962661138663	-0.0037523214431373422	0.02003837030484252
2,4,9	0.00841907776530872	0.0031102849522750458	0.006808864528291004	-0.003475597129498298	0.020313752660115737
2,4,10	0.011450498451483927	0.0031117551430667532	0.00023520181301609126	-0.00044979889971182366	0.023350795802679677
2,4,11	-0.04592534339034533	0.0031142970288488164	1.7032836906632164e-48	-0.057835361685268524	-0.03401532509542214
2,4,12	0.001304773445922669	0.00311158696504306	0.6749897254101949	-0.010594880741400005	0.013204427633245343
2,4,13	-0.006124055298152182	0.0031091044059746325	0.04890998613970323	-0.018014215425130157	0.005766104828825793
2,5,6	0.0016448161543804046	0.003109128237790081	0.5968026518314897	-0.010245435112702502	0.013535067421463312
2,5,7	-0.000819914573117031	0.0031110963476491203	0.7921380894667908	-0.012717692490423227	0.011077863344189165
2,5,8	0.00509479261034685	0.0031094113326537013	0.1013606489794744	-0.0067965412975290445	0.016986126518222747
2,5,9	-0.004094368578425086	0.003109436423458118	0.18796335257989638	-0.015985798441162342	0.007797061284312169
2,5,10	-0.003936067214620738	0.003110178609225494	0.2057183561377964	-0.015830335421287877	0.007958200992046398
2,5,11	-0.043610306241642874	0.003112634757377849	5.208534062744088e-44	-0.055513967505285186	-0.03170664497800056
2,5,12	0.002742870004779019	0.00311150684634495	0.3780640180740835	-0.00915647778429345	0.014642217793851487
2,5,13	-0.0006106641476077905	0.003108304928680267	0.8442541582665268	-0.012497766830445383	0.011276438535229801
2,6,7	0.003932169285432101	0.0031093949323527026	0.20605334527994368	-0.007959101902708609	0.01582344047357281
2,6,8	3.326020579457259e-05	0.0031088666097452817	0.9914642990226634	-0.011855990516134432	0.011922510927723578
2,6,9	-0.0012080056603767176	0.0031087661508848023	0.6975983064297165	-0.013096872197093101	0.010680860876339664
2,6,10	0.00471647273807518	0.003109411689168384	0.12935258948594017	-0.007174862533221209	0.016607808009371568
2,6,11	-0.0018030739050227725	0.0031086998981972344	0.561927118778393	-0.013691687071327242	0.010085539261281697
2,6,12	-0.0017289067702739823	0.0031094585225096647	0.5782180142635918	-0.013620421146500408	0.010162607605952443
2,6,13	-0.0004913267615873512	0.0031081486657930537	0.8744006730968444	-0.012377831847654857	0.011395178324480155
2,7,8	-0.003939268128081361	0.0031093935105767165	0.20523555946087074	-0.015830533878918612	0.00795199762275589
2,7,9	0.007762326359267175	0.0031096241151305367	0.01257493803176766	-0.004129821293466219	0.01965447401200057
2,7,10	0.0033179660655771395	0.0031102072788902076	0.2860991952724586	-0.008576411782600773	0.015212343913755052
2,7,11	-0.0047509142019537594	0.0031109911702559665	0.12677152694608462	-0.016648289888944394	0.007146461485036873
2,7,12	-0.0040147137311967495	0.0031107561478516746	0.19688795106440352	-0.01591119062108842	0.007881763158694922
2,7,13	-0.0021839064839063345	0.0031079780451448036	0.4822799443324328	-0.014069759064762127	0.009701946096949458
2,8,9	-0.003555487047162917	0.0031088848493313302	0.25280626091163505	-0.01544480752281211	0.008333833428486275
2,8,10	0.0003921463987189063	0.0031088288532610665	0.899625032084785	-0.01149695993094	0.012281252728377812
2,8,11	0.0014544322910490775	0.003109573874322138	0.6399941670503346	-0.010437523225564469	0.013346387807662624
2,8,12	-0.0006621947266989749	0.003109568863843495	0.8313691106443797	-0.01255413108171947	0.01122974162832152
2,8,13	-0.004246750630043138	0.003107863927714682	0.17184041113192924	-0.01613216679116506	0.007638665531078786
2,9,10	0.0009265880297247581	0.003109859696924149	0.7657488115041177	-0.01096646055938236	0.012819636618831877
2,9,11	0.000384067719043377	0.0031087555808516675	0.9016799589135968	-0.01150475839465399	0.012272893832740744
2,9,12	0.0028330670529541357	0.0031092538530818553	0.3622356217630134	-0.00905766460517988	0.014723798711088152
2,9,13	0.005772952670603642	0.003107318867052366	0.06323112109416396	-0.006110379012897845	0.01765628435410513
2,10,11	-0.01149668723712749	0.003109855126232435	0.00021994548742520692	-0.023389718346520427	0.0003963438722654495
2,10,12	-0.0019386572213743606	0.0031103150830032534	0.5331080538211872	-0.013833447345242982	0.009956132902494263
2,10,13	0.001330325007486679	0.0031080080379659674	0.668641362516057	-0.010555642275032272	0.013216292290005628
2,11,12	-0.010970548681186649	0.003110749119208295	0.00042352055506935174	-0.022866998691409984	0.0009259013290366849
2,11,13	0.002940590822429097	0.0031076945911512636	0.34406426980278715	-0.00894417774421175	0.014825359389069944
2,12,13	-0.0010777867079141388	0.0031082743056735198	0.7287913005000551	-0.012964772279067385	0.010809198863239106
3,4,5	-0.018017112057671925	0.0031157553984699367	7.671285002654412e-09	-0.029932707601234988	-0.006101516514108861
3,4,6	-0.0009508405367340128	0.0031119761192223085	0.7599621467086715	-0.012851982967904803	0.010950301894436777
3,4,7	0.005468957109601991	0.0031138310822123832	0.07907325427039093	-0.006439279263779046	0.017377193482983028
3,4,8	0.013983511028043641	0.003112764814883177	7.157934696705709e-06	0.0020793523849755736	0.02588766967111171
3,4,9	0.007839166693609857	0.0031118690419261923	0.011786879836705904	-0.004061566241439047	0.019739899628658762
3,4,10	0.003449624952497536	0.003113351057016881	0.2678952433362864	-0.008456775658652892	0.015356025563647964
3,4,11	-0.024591773334706607	0.0031150969203143815	3.3610774498148163e-15	-0.036504850657686716	-0.012678696011726494
3,4,12	0.01122302110180236	0.003112805246794804	0.00031378533691742464	-0.0006812921651833097	0.023127334368788027
3,4,13	-0.0016709361663390394	0.003111272158456563	0.5912439594437076	-0.013569386437603028	0.010227514104924949
3,5,6	0.0029015061227156275	0.0031108426726030396	0.35100303472506156	-0.00899530166412074	0.014798313909551995
3,5,7	0.012163413817747559	0.0031124221098046113	9.39275416830732e-05	0.00026056578305039095	0.024066261852444724
3,5,8	0.004736350335339715	0.00311068346342843	0.12790183001249575	-0.007159848587228165	0.016632549257907595
3,5,9	-0.002275486190339563	0.003111635947982838	0.46463071288811286	-0.014175327703310203	0.009624355322631076
3,5,10	0.006279340354160254	0.0031103519492986917	0.04354044779261692	-0.00561559075762605	0.018174271465946558
3,5,11	-0.021544493646147512	0.00311441889972546	4.995653140263828e-12	-0.033454978012340396	-0.009634009279954626
3,5,12	0.0014204079977725198	0.0031125745800305617	0.6481559560265052	-0.010483023129405447	0.013323839124950486
3,5,13	0.0037357102167325674	0.0031092403872039296	0.22960298557216433	-0.008154969943791886	0.01562639037725702
3,6,7	-0.0011270722784011283	0.0031088526490257763	0.7169621060151743	-0.013016269610295984	0.010762125053493728
3,6,8	-0.0031860961019408995	0.0031079271540498206	0.3053269538936107	-0.015071754059783317	0.008699561855901518
3,6,9	0.00040065126143786975	0.0031085492352200005	0.8974508286117157	-0.011487385723854127	0.012288688246729866
3,6,10	-0.004354137426705715	0.0031093258835178978	0.16145329841435396	-0.01624514455111771	0.007536869697706278
3,6,11	-0.00016496987051849155	0.003109565421187135	0.9576916727434617	-0.012056893059774818	0.011726953318737835
3,6,12	0.0011358602238672778	0.0031090999740259273	0.7148730093126023	-0.01075428295399195	0.013026003401726506
3,6,13	-0.0024601277352693813	0.003108407945952357	0.42871219234913494	-0.014347624387463113	0.009427368916924351
3,7,8	-0.011280060911607052	0.003109329559608688	0.0002878584580929977	-0.02317108209450742	0.0006109602712933131
3,7,9	0.005959561593802702	0.003109555311516089	0.055337895867837626	-0.005932322932999145	0.017851446120604547
3,7,10	-0.005966711144241005	0.0031093679892850988	0.05503149003826099	-0.017857879293903013	0.005924457005421002
3,7,11	0.00021082742384339204	0.003111690462012742	0.9459839117601003	-0.011689222567344795	0.012110877415031581
3,7,12	-0.0021551132449907874	0.0031105123114757932	0.48842760246323413	-0.014050657630477512	0.009740431140495935
3,7,13	-0.0017764815891945344	0.003107992085279251	0.5676214274718032	-0.013662387863791349	0.010109424685402279
3,8,9	0.0025499341941805096	0.003108566284961746	0.412077053981282	-0.009338167994505459	0.014438036382866476
3,8,10	-0.001640861124932216	0.0031082443086864428	0.5975811547642098	-0.013527731978490585	0.010246009728626153
3,8,11	0.0014334069702639837	0.0031105576109123753	0.6449420335470926	-0.010462310654035046	0.013329124594563013
3,8,12	0.008882752694483444	0.0031092479996660226	0.0042907973782021335	-0.003007956578409533	0.020773461967376422
3,8,13	-0.0011526664404566637	0.0031078247946126894	0.7107293556271844	-0.013037932944703744	0.010732600063790416
3,9,10	-0.005564731883243615	0.003108934823424006	0.07351040661026609	-0.017454243475010674	0.006324779708523444
3,9,11	0.004936286718625385	0.003109940390262022	0.11249849348476842	-0.00695707046632903	0.0168296439035798
3,9,12	0.008749194594599585	0.0031092698005470362	0.004907926187402765	-0.0031415980514878285	0.020639987240686997
3,9,13	0.00011309222807358689	0.003107922999730567	0.9709737255684724	-0.01177254984238948	0.011998734298536652
3,10,11	0.005017972694082466	0.003110928336784524	0.10678617898419768	-0.00687916269861784	0.016915108086782774
3,10,12	-0.0036823434943173174	0.0031098157431234297	0.2364121100277986	-0.015575223990732618	0.008210537002097984
3,10,13	-0.005510941038829906	0.0031080776825012355	0.07625492522593856	-0.017397174663217184	0.006375292585557369
3,11,12	-0.0020188105357439637	0.003112296332606644	0.5165817381840871	-0.013921177560211537	0.009883556488723608
3,11,13	0.0021674255525429816	0.003109444325533747	0.48579706492891617	-0.009724034530132975	0.014058885635218937
3,12,13	-7.569927718001075e-05	0.0031085107825744667	0.980572314712733	-0.011963589207869458	0.011812190653509438
4,5,6	-0.001578991909838498	0.0031117873995899804	0.6118740829739323	-0.013479412619782052	0.010321428800105056
4,5,7	-0.0236057266572269	0.0031143820302357603	3.911068448726107e-14	-0.03551607002328628	-0.011695383291167517
4,5,8	0.017329856270626776	0.003112195549701177	2.6661769661420358e-08	0.00542787467061834	0.029231837870635213
4,5,9	0.010826464834162169	0.0031133912348963065	0.0005093873392628753	-0.0010800894294095212	0.02273301909773386
4,5,10	0.008163727987466942	0.0031117429333900586	0.008721342458346644	-0.003736522670214522	0.020063978645148407
4,5,11	-0.08032846216415018	0.003114687217046861	3.164833759341581e-140	-0.09223997265732362	-0.06841695167097675
4,5,12	-0.02222195371494564	0.0031147314408764113	1.0686220319548925e-12	-0.0341336333334832	-0.010310274096408077
4,5,13	-0.005375401035990571	0.003111230264723409	0.08407848229497981	-0.01727369109288718	0.006522889020906039
4,6,7	-0.00033102910712358435	0.003109580270498654	0.9152247129128444	-0.01222300908465997	0.011560950870412801
4,6,8	-0.003228027722823674	0.003108081891770507	0.29903039660271735	-0.01511427744473587	0.008658221999088523
4,6,9	0.003961954388317915	0.003109126503337009	0.2025998186014977	-0.007928290245689331	0.015852199022325163
4,6,10	-1.0949556061112635e-06	0.0031086280424688826	0.9997189701983719	-0.011889433323767906	0.011887243412555683
4,6,11	-0.00265351372504085	0.003110436203712982	0.3936327760792725	-0.014548767051312904	0.009241739601231204
4,6,12	0.0010956633725148091	0.0031089743359540285	0.7245341863159029	-0.01079399932717519	0.012985326072204808
4,6,13	-0.003534298704050044	0.0031091309231182696	0.25568230262699737	-0.015424560240644033	0.008355962832543945
4,7,8	0.009454833685999073	0.003110302342711528	0.0023757065534061555	-0.002439907715122128	0.021349575087120272
4,7,9	0.004917172677022862	0.00311057033579738	0.1139699543447536	-0.006978593611103605	0.016812938965149328
4,7,10	-0.0016696515602867895	0.003110637790905616	0.5914535650248498	-0.013565675817247231	0.01022637269667365
4,7,11	-0.027602251663580366	0.0031135744926773716	9.553083988799274e-19	-0.039509506760600166	-0.015694996566560565
4,7,12	-0.018478816078330212	0.0031117105450122946	3.01378197054028e-09	-0.03037894287301205	-0.0065786892836483726
4,7,13	-0.0010368788903876661	0.003109235501671888	0.7387792397662509	-0.012927540367152846	0.010853782586377514
4,8,9	-0.0062181213336145675	0.0031089409499782663	0.04553030563189463	-0.018107656355187022	0.005671413687957886
4,8,10	-0.0010145411657825638	0.0031088938202393263	0.7441805400661454	-0.012903895948910254	0.010874813617345127
4,8,11	0.01119391871805432	0.0031115772294105777	0.00032348765139830337	-0.0007056982372510134	0.02309353567335965
4,8,12	0.004145212540390898	0.0031092780877284096	0.1825174553651738	-0.007745611798396618	0.016036036879178414
4,8,13	0.001242029741519159	0.0031080932139277437	0.6894548229408821	-0.010644263279763193	0.01312832276280151
4,9,10	-0.0016964278282435331	0.003109696306907121	0.585407402614443	-0.013588851564270171	0.010195995907783105
4,9,11	0.012441927071769698	0.0031105509078905003	6.401534505406983e-05	0.0005462350818634144	0.02433761906167598
4,9,12	0.006552956464279887	0.0031101032057546233	0.03515373616199914	-0.005341023376599	0.018446936305158774
4,9,13	0.007545091248517612	0.0031084849139266717	0.015238407547750651	-0.004342699752601003	0.019432882249636227
4,10,11	0.019051223546118413	0.0031119573793875486	9.740910983093357e-10	0.007150152781770912	0.030952294310465915
4,10,12	0.0007844287277801142	0.00311040443170199	0.8008976367503382	-0.01111070309266617	0.012679560548226398
4,10,13	0.005481940438313251	0.0031084685923334736	0.07785112009872543	-0.00640578814407273	0.01736966902069923
4,11,12	-0.027024325973587258	0.003112615357724249	4.768754950677537e-18	-0.03892791304705851	-0.015120738900116004
4,11,13	-0.004621662113267536	0.003110417199506549	0.137359448314371	-0.01651684276167868	0.007273518535143606
4,12,13	0.0005898063413741128	0.003108326054795622	0.8495101389765112	-0.01129737713414897	0.012476989816897197
5,6,7	-0.002095732928663996	0.003108721963973051	0.5002405452204222	-0.013984430481201132	0.00979296462387314
5,6,8	-0.0013150025288359707	0.0031075401477122944	0.672187739589403	-0.013199180456829761	0.01056917539915782
5,6,9	0.001021285037501379	0.003108090579411095	0.742475978430618	-0.01086499790858866	0.012907567983591418
5,6,10	0.0038346002435319408	0.003107614593085832	0.21726762980957678	-0.008049862386194727	0.015719062873258607
5,6,11	-0.0035038307318293743	0.0031100987608322223	0.25995093824228466	-0.015397793573974156	0.008390132110315408
5,6,12	-0.002373284207514948	0.003109623574644084	0.4453659712884288	-0.01426542979326389	0.009518861378233994
5,6,13	0.0012780586083200513	0.0031076302769708717	0.6808909789206847	-0.01060646400134945	0.013162581217989551
5,7,8	-0.002105338895422304	0.003108512476941114	0.4982494435551602	-0.01399323530588474	0.009782557515040133
5,7,9	-6.028463354501579e-05	0.0031098431013572517	0.9845344425586233	-0.01195326975616081	0.011832700489070778
5,7,10	-0.002480114690085704	0.003108000891658928	0.4249104872546692	-0.014366054642954724	0.009405825262783316
5,7,11	-0.03106028848887652	0.0031118502748879386	2.628256494342508e-23	-0.04296094965306771	-0.019159627324685333
5,7,12	0.019312887710236322	0.0031108078969621315	5.659817541753804e-10	0.007416212916019347	0.031209562504453295
5,7,13	-0.0019102445066584567	0.003108217839742447	0.5388528459440136	-0.01379701413493089	0.009976525121613976
5,8,9	-0.005255401684890483	0.003108362057266837	0.09093261761267099	-0.017142722844804895	0.00663191947502393
5,8,10	5.845960389136342e-05	0.00310695948027359	0.9849886661034589	-0.011823497675347933	0.011940416883130661
5,8,11	0.006401753035848778	0.0031103349690305144	0.03960577395916557	-0.005493113138231592	0.01829661920992915
5,8,12	-0.005052386080739337	0.003108849170008576	0.10417264603449887	-0.01694157010781512	0.006836797946336448
5,8,13	-0.0019022875851179926	0.0031066618317331543	0.5403423471194108	-0.013783106565881194	0.009978531395645208
5,9,10	0.001794894806921207	0.0031088046883655765	0.5637157718014303	-0.010094119108833465	0.013683908722675879
5,9,11	0.021146452470798473	0.0031108970940696714	1.1513891283199996e-11	0.009249436559734642	0.033043468381862305
5,9,12	-0.0017396014441418512	0.00311003763790237	0.5759402616158784	-0.013633330533627194	0.01015412764534349
5,9,13	-0.0030321625545136595	0.0031078913222251756	0.32927970235440174	-0.014917683480569092	0.008853358371541775
5,10,11	0.0013183029950149154	0.0031096584542288784	0.6716238433943296	-0.010573975980866429	0.013210581970896258
5,10,12	0.0014855267696807116	0.003110079239597144	0.6329147608713693	-0.010408361417328493	0.013379414956689914
5,10,13	-0.005132516316234672	0.003107135444831252	0.09861009536690751	-0.017015146537419326	0.0067501139049499816
5,11,12	-0.02978536188163953	0.0031125856505953083	1.4549685074062414e-21	-0.04168883534602151	-0.017881888417257547
5,11,13	0.0003006720025689677	0.0031090808750524443	0.9229612931575149	-0.01158939813501135	0.012190742140149285
5,12,13	0.0008007709584055066	0.003108237622641349	0.7967010743265599	-0.011086074325684488	0.012687616242495502
6,7,8	0.0014276225376119236	0.003107930488847057	0.6459982664836912	-0.010458048173508596	0.013313293248732443
6,7,9	-0.002342790278217638	0.003108093283290198	0.4510120149588851	-0.014229083564763094	0.00954350300832782
6,7,10	0.0020036055795511283	0.0031081555025645434	0.5191889791157824	-0.009882925652408298	0.013890136811510554
6,7,11	-0.004277057507336897	0.0031080562486469564	0.16882835370616903	-0.016163209162151512	0.007609094147477718
6,7,12	-0.0043934451394515	0.0031085992340409256	0.1576059120278098	-0.016281673335429705	0.007494783056526705
6,7,13	-0.0012478869332319493	0.00310808130955572	0.6880660548563293	-0.01313413442857786	0.010638360562113962
6,8,9	-0.00039888944099021866	0.0031073706620972897	0.8978607891373962	-0.01228241920448437	0.011484640322503934
6,8,10	0.0009920995929862432	0.003107103624945713	0.749508166148622	-0.010890408939285825	0.012874608125258312
6,8,11	0.0002576106175445096	0.0031071173818741746	0.9339255844066895	-0.01162495052540282	0.012140171760491841
6,8,12	0.006281397506419655	0.0031079929193387184	0.043312761410930836	-0.005604511957874039	0.018167306970713348
6,8,13	-0.0016969420000462546	0.003106996853423342	0.58496782944164	-0.013579042205568164	0.010185158205475655
6,9,10	0.00027324370771309413	0.003107639693196383	0.9299376402041984	-0.011611314912464418	0.012157802327890606
6,9,11	-0.003585528845783355	0.0031075352982621574	0.24861414647396907	-0.01546968822800604	0.008298630536439328
6,9,12	-0.0052092236754130265	0.0031086057525927025	0.0938330036556908	-0.01709747680031426	0.006679029449488207
6,9,13	0.0017473870928770268	0.0031080881881789383	0.5739933011840308	-0.010138886708414533	0.013633660894168587
6,10,11	-0.003976849326690805	0.0031076531544908742	0.20069447876162502	-0.015861459426949432	0.007907760773567824
6,10,12	-0.0037238958005155545	0.003109296272889681	0.23108773353365183	-0.01561478968488637	0.008166998083855261
6,10,13	0.001265363548406927	0.0031083156327205456	0.6839544243015692	-0.010621780069933723	0.013152507166747578
6,11,12	0.004464449291015405	0.0031086109035105857	0.1510024845874546	-0.007423823532561213	0.016352722114592023
6,11,13	0.003521850843113058	0.0031078552350359456	0.2571649183035063	-0.008363532074563612	0.01540723376078973
6,12,13	0.002406305907362026	0.0031078744978705972	0.4388024906375657	-0.00947915067724846	0.014291762491972514
7,8,9	-0.006861793640661769	0.0031087027527538585	0.027326289542279916	-0.018750417723658288	0.005026830442334749
7,8,10	-0.0006456782649264274	0.0031074488907769787	0.8354036117982526	-0.01252950719866595	0.011238150668813097
7,8,11	-0.0036761604098517493	0.0031086548878526236	0.23702486255725502	-0.01556460144291947	0.00821228062321597
7,8,12	0.0025200005453683352	0.0031090701291945876	0.4176619395307628	-0.009370028496785796	0.014410029587522466
7,8,13	-0.001165678918928764	0.003107349059676732	0.7075705276905639	-0.013049126068201577	0.010717768230344048
7,9,10	0.004880385857300927	0.003108316192334256	0.1164354099701606	-0.007006759901172622	0.016767531615774475
7,9,11	0.0014288551804529928	0.0031082668045431566	0.6457492491455974	-0.010458101704098098	0.013315812065004084
7,9,12	0.0028342632879835147	0.0031095771772734625	0.3620829016125099	-0.009057704860119684	0.014726231436086715
7,9,13	-0.0023933971127508553	0.003107211389040215	0.44116457219766503	-0.01427631776767056	0.009489523542168848
7,10,11	0.0005547276503354488	0.0031087672545711386	0.858382770419913	-0.011334143107212901	0.012443598407883798
7,10,12	0.004715778221790635	0.0031099950981181073	0.1294808928154623	-0.007177788182631548	0.016609344626212816
7,10,13	-0.002425487582617961	0.0031066801716977547	0.43498583341275154	-0.014306376700979439	0.009455401535743516
7,11,12	0.005091327561467509	0.003110964734959983	0.10176398356625098	-0.0068059470289174116	0.016988602151852432
7,11,13	0.004821919575510195	0.00310786657958283	0.12082189497090441	-0.007063506727161447	0.016707345878181838
7,12,13	-0.0016315072246030147	0.003107495221189535	0.5995835696181653	-0.01351551333992029	0.010252498890714262
8,9,10	0.0023813617238727172	0.0031069593713456832	0.44342803560465316	-0.00950059513879316	0.014263318586538594
8,9,11	-0.0054222510451512225	0.0031070859951260357	0.08100689010134693	-0.01730469215563502	0.006460190065332574
8,9,12	0.0002719943641823926	0.003107668032152286	0.9302577993141328	-0.011612672632774901	0.012156661361139685
8,9,13	-0.005919492600509072	0.003106623640844497	0.05676328914258003	-0.017800165527707572	0.005961180326689426
8,10,11	-0.0006668503878109657	0.0031067872494181213	0.8300518214030379	-0.012548149003916792	0.01121444822829486
8,10,12	-0.005955374845111958	0.0031082681858314817	0.05540830678266804	-0.017842337012129388	0.0059315873219054705
8,10,13	-0.001948843040877502	0.0031064817879422335	0.5304519393075331	-0.013828973479467658	0.009931287397712655
8,11,12	0.007715508322541245	0.003108612118453932	0.013088671206510638	-0.00417276914734796	0.01960378579243045
8,11,13	0.005337522829407084	0.003106971021543433	0.08585547746424545	-0.006544478587155565	0.01721952424596973
8,12,13	0.0014346301515765446	0.003106805347815935	0.6442603895710011	-0.010446737678302752	0.01331599798145584
9,10,11	-0.0010632113434737335	0.0031077064362531963	0.7322701199829091	-0.012948025209384182	0.010821602522436715
9,10,12	-0.011522255005739675	0.003109573326356646	0.00021266471941427267	-0.02341420842676665	0.00036969841528729924
9,10,13	-0.0011608995717557215	0.003106849092052834	0.7086698988152131	-0.013042434692891097	0.010720635549379656
9,11,12	-0.0039024706032912367	0.003108821584526513	0.20941541912220585	-0.015791549135100193	0.007986607928517719
9,11,13	-0.0019380469987786348	0.003106798187035416	0.5327735986937165	-0.013819387443657013	0.009943293446099743
9,12,13	0.0010827280191480922	0.0031078006448420356	0.7275574051256325	-0.010802446129036724	0.01296790216733291
10,11,12	0.0026126331198443797	0.0031094371425897794	0.4008096506591432	-0.009278799493070897	0.014504065732759659
10,11,13	-0.002219775766863604	0.003107004093218983	0.47497729525295573	-0.014101903659564268	0.00966235212583706
10,12,13	-0.0008913405003981136	0.003107939254424953	0.7742779650515788	-0.012777044733752425	0.0109943637329562
11,12,13	-9.436296742143871e-05	0.003107514636406827	0.9757759757551336	-0.011978443332430058	0.01178971739758718
