Params:	13
Performance_R2:	0.6907483892297237
Alpha:	0.05
Alpha_Bonf:	0.0038461538461538464
Term	Coefficient	StdErr	p_value	CI_lower	CI_upper
Intercept	8.603404703295007	0.004363965719180342	0.0	8.590782794657732	8.616026611932282
1	-0.0034747128635968707	0.004362841012679791	0.4258301523066431	-0.01609336850953157	0.009143942782337829
2	0.10568989686169206	0.00436347030687788	1.342160732162191e-120	0.09306942110662146	0.11831037261676265
3	0.09854307900013042	0.0043633170946542395	4.8315372666089745e-106	0.08592304638114596	0.11116311161911487
5	0.2359292368879288	0.004364437526432813	0.0	0.22330596364139282	0.24855251013446478
6	0.00106271087222495	0.004362969355136807	0.8075731118913283	-0.011556315978909553	0.013681737723359453
7	0.09050659538714823	0.004363408316598675	1.3523129623503003e-90	0.07788629892671256	0.10312689184758389
8	-0.048077502611637415	0.0043631051806114	8.164165669350873e-28	-0.06069692231112162	-0.03545808291215321
9	-0.041006774005223345	0.004363351505916829	9.353125371669022e-21	-0.053626906151986065	-0.028386641858460623
10	-0.026256926700788226	0.0043630017880320875	1.9330140762925357e-09	-0.03887604735766444	-0.013637806043912013
11	0.257393670627839	0.00436525781632503	0.0	0.24476802485485763	0.2700193164008204
12	0.09886871637854724	0.004363492839661779	1.1092500527690543e-106	0.08624817545185111	0.11148925730524338
13	0.005853526629153319	0.0043628761119264255	0.17978466801946802	-0.006765230534417577	0.018472283792724215
