Params:	92
Performance_R2:	0.8345616215803027
Alpha:	0.05
Alpha_Bonf:	0.0005434782608695652
Term	Coefficient	StdErr	p_value	CI_lower	CI_upper
Intercept	8.156240482469363	0.0035709681467787496	0.0	8.143885329910544	8.168595635028181
1	0.0025528384475215216	0.00356841895760808	0.47438618436036717	-0.009793494200334431	0.014899171095377474
2	0.15020079958410615	0.0035705369509691116	0.0	0.13784713891482336	0.16255446025338893
3	0.10853248081483058	0.003571807138577772	4.1584519921496604e-191	0.09617442543771557	0.12089053619194559
4	0.4461571421499242	0.0035721121875363126	0.0	0.4337980313373458	0.4585162529625026
5	0.28120289653956126	0.0035717912198349943	0.0	0.26884489623952545	0.2935608968395971
6	0.0015102406419203879	0.003568004343152631	0.6721083682748075	-0.010834657486040788	0.013855138769881564
7	0.10295558745424475	0.003569365182991526	2.2160638323187978e-173	0.09060598097181874	0.11530519393667077
8	-0.048396954969955955	0.0035686213107100663	2.1262068991678077e-41	-0.060743987737035335	-0.036049922202876575
9	-0.06412121953672156	0.0035679956111672783	1.0636012368879642e-70	-0.07646608745298475	-0.05177635162045838
10	-0.03396480260676262	0.003568971914351522	2.3745440103915726e-21	-0.04631304842344082	-0.021616556790084424
11	0.3317574376251852	0.0035710159288038844	0.0	0.3194021197458749	0.34411275550449555
12	0.0915531794623786	0.0035703134922090312	5.94682135294062e-139	0.07920029193554849	0.10390606698920872
13	0.004616277812878432	0.003567838026357368	0.19575507630732267	-0.00772804487747196	0.016960600503228826
1,2	-0.0014254424544395405	0.0035682218290462235	0.6895493070064962	-0.01377109305939975	0.01092020815052067
1,3	0.0007293115417049689	0.0035672480346367825	0.838010240101567	-0.011612969842921976	0.013071592926331914
1,4	-0.006910672216833558	0.003568021818370853	0.052803836380964225	-0.019255630807105868	0.005434286373438752
1,5	-0.0031533144990473494	0.003566733316165442	0.37667646345395245	-0.01549381501501995	0.009187186016925251
1,6	-0.00034415608527774144	0.003565984147046729	0.9231175145987301	-0.012682064559436023	0.01199375238888054
1,7	-0.0006106288538571675	0.0035665441602768977	0.8640631918795614	-0.012950474911496817	0.011729217203782482
1,8	0.0018834098925981473	0.0035663713938469876	0.5974441481325576	-0.010455838412412287	0.014222658197608581
1,9	-0.0014502636075406318	0.0035663790103380765	0.6842778604446527	-0.013789538264762986	0.010889011049681725
1,10	0.0012494676315497463	0.0035663189715786654	0.7260844837962059	-0.011089599298243668	0.013588534561343159
1,11	0.0030882726497508395	0.0035663613882571596	0.38654871388662504	-0.009250941037031796	0.015427486336533475
1,12	0.002602299199642501	0.0035673348675271757	0.4657314665816453	-0.009740282617126046	0.014944881016411048
1,13	-0.005313575338930386	0.003566066177865495	0.13625721584551403	-0.017651767630596615	0.0070246169527358425
2,3	0.054726982802588475	0.0035694116447818826	3.0003405302510812e-52	0.04237721556753617	0.06707675003764078
2,4	-0.044604920984007035	0.003569571633220453	1.805194545268744e-35	-0.05695524176125993	-0.03225460020675414
2,5	-0.010105261598747833	0.0035685656915568605	0.0046421303698040515	-0.022452101929744107	0.00224157873224844
2,6	0.002432773832620777	0.0035672123053990916	0.4952720314790089	-0.009909383932818223	0.014774931598059777
2,7	-0.010167842588263379	0.00356814311811547	0.004389401099011899	-0.022513220862158866	0.002177535685632106
2,8	-0.0031382505327637554	0.0035680726253349885	0.3791392436528733	-0.015483384909480284	0.009206883843952773
2,9	0.007155118185572157	0.0035676018856726534	0.04493757891995559	-0.005188387484277053	0.019498623855421365
2,10	0.010150566043828593	0.0035679874308645726	0.004454866241843304	-0.0021942735694971995	0.022495405657154386
2,11	0.007889195600573072	0.0035678789579760635	0.02705467276788562	-0.004455268708624838	0.020233659909770982
2,12	0.002980525748692708	0.0035689013925284565	0.40366716330026786	-0.009367476070322425	0.01532852756770784
2,13	-0.00014948100320462464	0.0035670896634978186	0.9665751010283412	-0.012491214441307717	0.012192252434898469
3,4	-0.010254367463242209	0.003571404142641347	0.004100344473887052	-0.022611028519245846	0.00210229359276143
3,5	0.018607836785411974	0.003569830166301999	1.913762288695461e-07	0.006256621512455759	0.03095905205836819
3,6	-0.0016714735978517609	0.0035673703050264596	0.63940882703287	-0.014014178024425818	0.010671230828722296
3,7	-0.03046267632800126	0.003567952961809008	1.6453658727552986e-17	-0.04280739668222908	-0.018117955973773435
3,8	-0.01704720825508511	0.003567348616482376	1.7988965342909573e-06	-0.029389837641709236	-0.004704578868460983
3,9	-0.016070372624339316	0.0035671356405313306	6.736467726856164e-06	-0.028412265137863945	-0.0037284801108146866
3,10	-0.01494893434716545	0.003567887985214352	2.824107561801201e-05	-0.027293429889603663	-0.0026044388047272386
3,11	-0.004565851648113413	0.003569072739988367	0.20083818399721942	-0.016914446310279406	0.00778274301405258
3,12	-0.04074320621078179	0.003568698432874785	6.166422922593213e-30	-0.053090505811972145	-0.02839590660959144
3,13	-0.0031178893571130115	0.0035667952181203735	0.38206900106439556	-0.015458604046963798	0.009222825332737775
4,5	-0.04389424603498979	0.0035710957749192085	2.1913922370830592e-34	-0.056249840172977184	-0.03153865189700239
4,6	-0.0004767114016346746	0.003567806087229071	0.8937109168665064	-0.01282092358615402	0.011867500782884672
4,7	-0.011519567549140235	0.003568897639439923	0.0012531021130712167	-0.02386755638288653	0.0008284212846060603
4,8	0.0006627860316410876	0.003568125912170257	0.8526445000338753	-0.011682532711597924	0.013008104774880099
4,9	0.02323158035751248	0.0035680970769637523	7.962770934583636e-11	0.01088636138088039	0.035576799334144565
4,10	0.007533609381337895	0.0035681253067406265	0.03477487072197997	-0.004811707267181942	0.019878926029857732
4,11	-0.07408723697892684	0.0035707822022652117	5.772881207267051e-93	-0.08644174619041275	-0.06173272776744094
4,12	0.007478447315435993	0.003568572856287085	0.03614829898618295	-0.004868417804729863	0.01982531243560185
4,13	0.0016136282644633754	0.00356753620809123	0.651059884005384	-0.010729650168259983	0.013956906697186734
5,6	-0.0019640497295502074	0.0035665239658505005	0.5818628726426441	-0.01430382591672092	0.010375726457620506
5,7	-0.016933135511263776	0.003567363319243013	2.1070672525709285e-06	-0.029275815767804195	-0.004590455254723357
5,8	-0.0008358505964558803	0.0035664346522327525	0.814707495801675	-0.013175317768444295	0.011503616575532534
5,9	0.0032072393606132465	0.003567377264110073	0.3686572526408529	-0.009135489143615994	0.015549967864842487
5,10	0.01528044522026564	0.0035665833713959738	1.8562922849650948e-05	0.0029404634965157703	0.027620426944015508
5,11	-0.00034862128615891115	0.0035692898408916547	0.922195064747278	-0.012697967093300308	0.012000724520982485
5,12	-0.018652383453438743	0.003568713388193682	1.7738489349577527e-07	-0.030999734798368872	-0.006305032108508616
5,13	-0.003468873847503124	0.0035661442881253437	0.33072265808784285	-0.015807336391979565	0.008869588696973317
6,7	0.004905285414959479	0.0035665200818383674	0.16905876940455045	-0.007434477333961305	0.017245048163880262
6,8	-0.0012676994837576908	0.0035658229119524413	0.7222148982327512	-0.013605050102425282	0.0110696511349099
6,9	0.0008700671495462829	0.0035667394716454846	0.8072848334843569	-0.011470454663702539	0.013210588962795106
6,10	0.00296532487215192	0.003566566591194244	0.4057619137745554	-0.009374598793966567	0.015305248538270408
6,11	0.0002902411621842106	0.003566672254160606	0.935145238665679	-0.012050048086044103	0.012630530410412524
6,12	-0.00014119918009178334	0.003567140540563067	0.9684264237045759	-0.012483108647181149	0.012200710286997582
6,13	-0.0032127338856107117	0.0035660153826912832	0.36765461901844587	-0.015550750431624547	0.009125282660403123
7,8	0.027646829210257965	0.0035672206470873666	1.0408844143675681e-14	0.01530464258350545	0.03998901583701048
7,9	-0.006830958266212578	0.0035667647289230383	0.05550982292520376	-0.019171567466832157	0.005509650934406999
7,10	0.004117085087609135	0.0035664085376497633	0.24837122959879726	-0.008222291730827084	0.016456461906045355
7,11	-0.018231658422487636	0.003567801910742284	3.302121331105867e-07	-0.030575856156827286	-0.005887460688147989
7,12	-0.014891950440291627	0.0035679991803816515	3.0308903071763656e-05	-0.027236830705639516	-0.0025470701749437403
7,13	0.002637207295437866	0.003566153893580974	0.4596209295410697	-0.009701288482846558	0.01497570307372229
8,9	0.007147596240752586	0.003565946813394301	0.045063603087843636	-0.005190183063121234	0.019485375544626406
8,10	-0.005318228718913225	0.0035659036845581108	0.13589663517031977	-0.017655858801811412	0.007019401363984962
8,11	0.009726874476584714	0.0035663368885308667	0.006398512553052534	-0.0026122544438702613	0.02206600339703969
8,12	0.0019630026236724437	0.0035670484152928853	0.5821196638925875	-0.010378588100229968	0.014304593347574855
8,13	0.0020332380350284226	0.003565745263314496	0.5685500214396235	-0.010303843927989394	0.014370319998046239
9,10	-0.0010747217303443682	0.0035665885716428306	0.7631710799965497	-0.013414721446369893	0.011265277985681159
9,11	-0.003495290433308087	0.003566521868401419	0.3271047872930034	-0.015835059363538295	0.008844478496922121
9,12	-0.003817007830687044	0.003567682966310049	0.28470666882097245	-0.016160794030522355	0.008526778369148268
9,13	0.001257795383665016	0.0035659881442342265	0.724308504414803	-0.011080126920317367	0.013595717687647398
10,11	-0.01142241888967769	0.003566570888112313	0.0013675979891362227	-0.023762357422654715	0.0009175196432993343
10,12	-0.0031947547507329734	0.0035678152718329665	0.370582814706514	-0.015538998712960116	0.00914948921149417
10,13	0.004391534770023227	0.0035657727513727523	0.21814551948521516	-0.007945642298618428	0.01672871183866488
11,12	-0.017947842038094887	0.003568077667344171	5.018412320759915e-07	-0.030292993859602324	-0.0056026902165874515
11,13	-0.0016396808154754573	0.0035658454136206436	0.6456522758850618	-0.013977109287411978	0.010697747656461063
12,13	8.584696351033997e-05	0.0035666083717617162	0.9807977193781794	-0.012254221258723995	0.012425915185744674
