Params:	92
Performance_R2:	0.3455179086699439
Alpha:	0.05
Alpha_Bonf:	0.0005434782608695652
Term	Coefficient	StdErr	p_value	CI_lower	CI_upper
Intercept	4.227665512021763	0.014118667225196531	0.0	4.178818463063806	4.27651256097972
1	-0.0007531856428669263	0.01060828708245873	0.9433997230004367	-0.03745519938196572	0.03594882809623187
2	0.10556844702990756	0.010609144806426175	3.4065837020075393e-23	0.06886346578091834	0.14227342827889677
3	-0.20375720393703167	0.010607814074673684	1.9469498465005826e-80	-0.24045758118778032	-0.16705682668628302
4	0.06051770769610139	0.010606645407431753	1.200087335118418e-08	0.023821373741017386	0.09721404165118538
5	0.07562979068182879	0.010606675777078781	1.0874024295622357e-12	0.038933351655379936	0.11232622970827764
6	0.00010643563609027615	0.010603871906271814	0.9919916714688518	-0.03658030270031502	0.03679317397249558
7	0.07013682029480653	0.010607435983767084	4.0320307408769755e-11	0.033437751143804886	0.10683588944580817
8	0.01392830151776163	0.010609125962205347	0.18926737504575708	-0.022776614534947878	0.05063321757047114
9	-0.012718288297475532	0.0106111385986543	0.23072692100887254	-0.04943016756771744	0.023993590972766377
10	-0.018148955072788377	0.010603066385693707	0.0869959037783751	-0.054832906509942644	0.018534996364365893
11	0.01890286194067968	0.010605449468165874	0.07472614075367537	-0.01778933436437409	0.05559505824573345
12	-0.03321165156586458	0.010605796546398405	0.0017456065317795356	-0.06990504867458816	0.0034817455428589952
13	-0.0007703063343167567	0.01060381491455238	0.9420910048143853	-0.037456847493661	0.035916234825027496
1,2	-0.0038019944463696196	0.005883746072464498	0.5181772955601196	-0.0241582807638879	0.016554291871148666
1,3	-0.00387633996769547	0.005883706769821657	0.5100262278985292	-0.024232490307922946	0.01647981037253201
1,4	0.01207035836779958	0.005883750302511188	0.040253103552453554	-0.008285942584619748	0.03242665932021891
1,5	0.003721642654504323	0.005883750763346711	0.5270592491044861	-0.01663465989229038	0.024077945201299026
1,6	0.0001616981910723004	0.005883779148945644	0.9780759535089234	-0.020194702562778256	0.02051809894492286
1,7	0.006472481701841373	0.005883734444348962	0.271337303397664	-0.0138837643853124	0.026828727788995144
1,8	-0.005492397409494785	0.005883765971991875	0.3505984471678104	-0.02584875257438885	0.014863957755399282
1,9	0.0014524615308265298	0.005883760176281719	0.8050233235633029	-0.01890387358236342	0.02180879664401648
1,10	-0.00022475512805513517	0.005883728404237577	0.9695296139507555	-0.02058098031793781	0.020131470061827538
1,11	-0.001197649025092208	0.0058837648720497905	0.8387091554527604	-0.021554000384462424	0.019158702334278008
1,12	-0.0015303530186069553	0.005883700500972529	0.7947929532548008	-0.02188648167018809	0.01882577563297418
1,13	0.0018297467533842427	0.005883719813258104	0.7558203083736941	-0.018526448713863268	0.022185942220631756
2,3	0.09268571517074663	0.0058837081726952276	4.328088813412648e-55	0.0723295599769283	0.11304187036456495
2,4	-0.12096669864480128	0.005883762909926727	1.3788302001838088e-91	-0.14132304321571762	-0.10061035407388494
2,5	-0.05890445401702009	0.005883720506594504	1.8609734529922563e-23	-0.07926065188303771	-0.038548256151002463
2,6	0.002749149756442821	0.005883770299254348	0.6403387549342308	-0.01760722037969453	0.02310551989258017
2,7	-0.018892550294476864	0.0058837358349765586	0.0013280301739621884	-0.03924880119285348	0.0014637006038997515
2,8	0.00796425576620711	0.005883736878115023	0.17590039096182894	-0.012391998741167072	0.02832051027358129
2,9	0.01269418909639546	0.005883748757139569	0.03099617592697497	-0.007662106509425504	0.03305048470221642
2,10	0.013133881128437662	0.005883731387291004	0.025626697728295195	-0.007222354382061999	0.03349011663893732
2,11	-0.033474220293619704	0.0058837587832539845	1.3205786934726156e-08	-0.053830550587282935	-0.013117889999956476
2,12	0.008432826452116628	0.0058837162036450615	0.1518256777533476	-0.011923356526774708	0.028789009431007963
2,13	-0.004753283045682953	0.005883692185831281	0.41918685959724633	-0.025109382928960033	0.015602816837594126
3,4	0.133192758500703	0.00588374018847996	4.7535287179412537e-110	0.11283649254029607	0.15354902446110993
3,5	0.07932737336396001	0.005883727532899573	5.504498705801776e-41	0.058971151188688384	0.09968359553923163
3,6	0.005001700940983284	0.00588376701537909	0.39530319526367064	-0.015354657833768963	0.02535805971573553
3,7	-0.00630171265963171	0.005883689293828531	0.28418000147846895	-0.026657802537304313	0.014054377218040896
3,8	-0.018275441941116004	0.005883742248599586	0.0019023652254261637	-0.03863171502902036	0.0020808311467883506
3,9	-0.025989026434155328	0.005883798524213388	1.0136456629980038e-05	-0.04634549422157477	-0.0056325586467358794
3,10	-0.042302980334777446	0.0058837003043435915	7.066311498943147e-13	-0.06265910830607176	-0.021946852363483135
3,11	0.050415215637286924	0.0058837439905141285	1.2429614575473682e-17	0.03005893652279496	0.07077149475177888
3,12	-0.029546304900302002	0.0058837111617508105	5.231158595455505e-07	-0.04990247043550326	-0.009190139365100738
3,13	0.013769070287146546	0.005883708283586946	0.019297546717044655	-0.006587085290329321	0.03412522586462241
4,5	-0.09852653231931341	0.00588377131443256	6.74510315613313e-62	-0.11888290596771287	-0.07817015867091395
4,6	0.005957554254382344	0.005883803970355494	0.3113129822269108	-0.014398932375323406	0.02631404088408809
4,7	-0.015017280034713911	0.005883733126840893	0.010718525690320791	-0.03537352156362007	0.005338961494192248
4,8	0.042419027185803974	0.005883783806058272	6.124911102254718e-13	0.02206261031951129	0.06277544405209666
4,9	0.022391152520764363	0.005883756269262568	0.00014251523556742948	0.0020348309248811626	0.04274747411664756
4,10	0.03871517007709584	0.0058837731502815955	4.99873825094429e-11	0.01835879007711898	0.059071550077072696
4,11	-0.05894463904323836	0.005883787808929807	1.7402432954613435e-23	-0.079301069758463	-0.03858820832801371
4,12	0.047705348673622444	0.005883766732601639	5.905757273500057e-16	0.027348990877209284	0.06806170647003561
4,13	-0.00838906677488432	0.005883724261571387	0.1539622300083791	-0.028745277632180568	0.011967144082411927
5,6	-0.012662676808466474	0.005883778075132063	0.03141644014935278	-0.03301907384719126	0.007693720230258308
5,7	-0.011517915214042662	0.005883722081638589	0.05031261381432012	-0.03187411852931796	0.00883828810123263
5,8	0.012061522832459723	0.005883755657165342	0.040399646679573756	-0.008294796645720534	0.03241784231063998
5,9	0.005958450029514033	0.005883757456788202	0.31123641362216004	-0.01439787567491014	0.026314775733938207
5,10	0.007580788612171539	0.005883763165038122	0.19763499082894362	-0.012775556841366264	0.027937134065709343
5,11	-0.017270816158315463	0.005883763633334443	0.003341290975907108	-0.03762716323204113	0.0030855309154102055
5,12	0.018392369199151687	0.005883708337354501	0.0017784226202658948	-0.0019637865643464397	0.038748524962649813
5,13	0.002834578447588159	0.005883727188691584	0.6299854212243639	-0.017521642536810125	0.02319079943198644
6,7	-0.004198240027234089	0.005883754636240958	0.47553803884423984	-0.024554555973271927	0.01615807591880375
6,8	-0.0002153859329482779	0.005883822965895919	0.9707996990203716	-0.020571938282461594	0.02014116641656504
6,9	-0.006174156215522881	0.005883786398197752	0.2940481443957131	-0.026530582049968297	0.014182269618922536
6,10	-0.0030768467993338095	0.00588377319785018	0.6010319891021421	-0.02343322696388604	0.01727953336521842
6,11	-0.002685388330686228	0.005883804429163323	0.6481122240991674	-0.023041876547752044	0.017671099886379587
6,12	0.006553087677417267	0.005883765957836648	0.2654165118244169	-0.013803267438503259	0.026909442793337793
6,13	0.002263005553772031	0.005883733486944385	0.7005286229858794	-0.018093237221001934	0.022619248328545994
7,8	-0.030441019037347288	0.005883734401632255	2.3496125076565493e-07	-0.05079726497671196	-0.010084773097982613
7,9	-0.008819829624644102	0.005883716756091531	0.1339067122690011	-0.029176014514861723	0.01153635526557352
7,10	-0.0113214149102922	0.005883734253426755	0.0543661130985973	-0.031677660336903	0.009034830516318601
7,11	-0.010804335621505764	0.005883722686011386	0.06634871982225632	-0.031160541027759413	0.009551869784747884
7,12	0.012842556611989442	0.00588372034319488	0.029084670599437548	-0.007513640688706457	0.03319875391268534
7,13	0.006848626366464432	0.005883770373741059	0.2444641462327939	-0.013507744027378261	0.027204996760307125
8,9	0.006614627751723279	0.005883759107683368	0.2609540539814399	-0.013741703664384278	0.026970959167830835
8,10	-0.0048749876521489285	0.005883745667139999	0.40738265156591114	-0.02523127256734606	0.015481297263048203
8,11	0.013552473376988422	0.005883780924144318	0.021283858591610718	-0.006803933518604494	0.033908880272581335
8,12	-0.02449725985265863	0.005883745080317067	3.166031317634001e-05	-0.044853542737595536	-0.004140976967721723
8,13	-0.02436997939456943	0.005883747348895879	3.479357949178304e-05	-0.04472627012822028	-0.004013688660918578
9,10	-0.0064850241416935985	0.005883730670356391	0.2704094089660275	-0.026841257171779237	0.013871208888392042
9,11	0.004681892004198881	0.0058837746886980955	0.42621282339401434	-0.015674493318313373	0.025038277326711135
9,12	0.011148163650356993	0.005883735720255191	0.05816230055208895	-0.009208086851112452	0.031504414151826435
9,13	0.01239158415661877	0.005883728240188311	0.035228521782391595	-0.007964640465694568	0.03274780877893211
10,11	0.013047642578946708	0.005883795348270316	0.02661294727175174	-0.00730881422050594	0.03340409937839936
10,12	-0.012281047645109795	0.005883715651865023	0.03689285766507819	-0.03263722871498054	0.008075133424760943
10,13	0.005371983418902089	0.005883710532942503	0.361255939554583	-0.014984179940780077	0.025728146778584253
11,12	0.019189493470153668	0.00588375162054241	0.0011130945403583553	-0.0011668120423232523	0.03954579898263059
11,13	0.012084057431115024	0.005883745233608333	0.04002689600618031	-0.008272225984171235	0.03244034084640128
12,13	-0.006373645916984777	0.00588373568620846	0.27872315441283185	-0.02672989630066107	0.013982604466691514
