Params:	14
Performance_R2:	0.1478653959548607
Alpha:	0.05
Alpha_Bonf:	0.0035714285714285718
Term	Coefficient	StdErr	p_value	CI_lower	CI_upper
Intercept	4.222288726064678	0.006249386221591211	0.0	4.204074413798301	4.240503038331056
1	0.00398824803070144	0.0033406149613335935	0.2325650318759327	-0.005748228786372131	0.01372472484777501
2	0.05380255960995204	0.0033406161511746056	1.7930496774851302e-57	0.04406607932499619	0.06353903989490789
3	-0.07930575800631265	0.003340613145996024	1.631195072886323e-120	-0.08904222953244657	-0.06956928648017872
4	0.060475920246813475	0.003340620577218375	7.631358808025565e-72	0.05073942706181585	0.0702124134318111
5	0.040617774277645416	0.0033406127510568827	1.00940979849454e-33	0.030881303902591715	0.050354244652699116
6	-0.003055798296573018	0.003340627491678584	0.3603563951554074	-0.012792311634291715	0.006680715041145679
7	0.024613659597052934	0.0033406125262028523	1.9016322958212095e-13	0.014877189877353434	0.03435012931675244
8	0.0014853333605632374	0.0033406174048319524	0.6566001496012885	-0.008251150578272465	0.01122181729939894
9	0.0025367336916628136	0.0033406232797159466	0.447659592932651	-0.00719976736996988	0.012273234753295507
10	-0.019370746861857007	0.0033406137632161267	6.938605460851304e-09	-0.02910722018692594	-0.009634273536788075
11	0.013225780833599534	0.0033406295278167043	7.588358900688347e-05	0.003489261561401157	0.02296230010579791
12	-0.008059635164090213	0.0033406127258473277	0.015860218957339103	-0.017796105465668746	0.0016768351374883209
13	0.006035374266436734	0.0033406066755190156	0.07085066046480858	-0.0037010784009989762	0.015771826933872444
