Params:	14
Performance_R2:	0.06323423411511708
Alpha:	0.05
Alpha_Bonf:	0.0035714285714285718
Term	Coefficient	StdErr	p_value	CI_lower	CI_upper
Intercept	4.272072952654337	0.00487791068122052	0.0	4.2578559103393205	4.286289994969354
1	0.005730695933339268	0.0026074914917940764	0.027992772784188946	-0.001869036677100414	0.01333042854377895
2	0.023331089744198973	0.00260749242051539	4.435233576522343e-19	0.015731354426930265	0.03093082506146768
3	-0.038940264996832716	0.0026074900748462027	9.00405691603261e-50	-0.046539993477469864	-0.03134053651619557
4	0.030187006387826655	0.0026074958752300473	9.379601975169461e-31	0.022587261001528875	0.03778675177412444
5	0.015828825002952615	0.002607489766579472	1.3320819182364841e-09	0.008229097420782337	0.023428552585122893
6	-0.003113848688132326	0.002607501272259149	0.23243895703423598	-0.010713609804482608	0.004485912428217957
7	0.017637228533629087	0.002607489591071376	1.4345048940270334e-11	0.010037501462990525	0.025236955604267648
8	0.003062298741735015	0.0026074933990480565	0.24026023725296328	-0.0045374394275417	0.010662036911011731
9	0.007241281892260252	0.0026074979846438845	0.005497187483255706	-0.00035846964208486806	0.014841033426605373
10	-0.009073071208502412	0.0026074905566126393	0.0005047598700899223	-0.016672801093284548	-0.0014733413237202776
11	0.0008480882791588804	0.0026075028615512065	0.7450008209483653	-0.006751677469304188	0.008447854027621948
12	-0.0007308311526561593	0.002607489746902347	0.7792686645254631	-0.008330558677475957	0.006868896372163638
13	0.004117622758211435	0.0026074850243647963	0.1143394061098413	-0.0034820910024128742	0.011717336518835744
