Params:	92
Performance_R2:	0.13930518319336926
Alpha:	0.05
Alpha_Bonf:	0.0005434782608695652
Term	Coefficient	StdErr	p_value	CI_lower	CI_upper
Intercept	4.270004264903176	0.012053258916129876	0.0	4.228303010883363	4.311705518922989
1	0.0038524152948803472	0.009056409420382184	0.6705710544447331	-0.027480490799204303	0.035185321388965
2	0.05580696566987113	0.009057141668610243	7.544647341939116e-10	0.024471526180496764	0.0871424051592455
3	-0.09325529771782651	0.00905600560852009	1.0273511340633478e-24	-0.12458680672410656	-0.061923788711546454
4	0.02080764404521363	0.009055007904655474	0.021592085704640288	-0.010520413155825664	0.05213570124625293
5	0.029044945089624845	0.009055033831551618	0.0013436992803165899	-0.002283201811975069	0.06037309199122476
6	0.0027719945351596456	0.009052640136717345	0.7594538810322489	-0.028547870782428465	0.034091859852747756
7	0.04255493121534198	0.009055682828223733	2.654470135818955e-06	0.011224538947964206	0.07388532348271976
8	0.025593582840182594	0.009057125581095104	0.004727944005578996	-0.005741800990422638	0.056928966670787826
9	-0.00887655221787352	0.009058843790600034	0.32717628001920274	-0.040217880622599574	0.022464776186852532
10	-0.005656318182954541	0.009051952455087392	0.5320722890382366	-0.03697380429450925	0.025661167928600168
11	-0.007729642809791578	0.009053986918369044	0.39328105297877447	-0.03905416765424769	0.02359488203466454
12	-0.007638249799611196	0.009054283222810116	0.398914519488367	-0.038963799783147984	0.02368730018392559
13	0.007218735360522438	0.009052591482270047	0.42522949856120196	-0.024100961624876013	0.03853843234592089
1,2	-0.004957665215681744	0.005023017660024894	0.3236774667696043	-0.022336047016341006	0.01242071658497752
1,3	-0.0010330240756177556	0.005022984106933607	0.8370621421721385	-0.018411289790993143	0.016345241639757632
1,4	0.011144182760583784	0.005023021271261505	0.02654024909722963	-0.006234211534048793	0.02852257705521636
1,5	0.0012892982784937137	0.005023021664681776	0.7974340437887809	-0.016089097377274368	0.018667693934261792
1,6	0.0030826368665605756	0.005023045897774599	0.5394317539367556	-0.014295842629633279	0.020461116362754432
1,7	0.004402959352461218	0.005023007732976892	0.38075270232571756	-0.012975388103100734	0.02178130680802317
1,8	-0.004918149439098004	0.005023034648466647	0.3275505026203215	-0.02229659001550662	0.01246029113731061
1,9	0.0012636981225139943	0.0050230297006062016	0.8013714713451205	-0.01611472533553794	0.018642121580565926
1,10	-0.001934362351315026	0.005023002576468474	0.70017289350118	-0.01931269196665062	0.015443967264020567
1,11	-0.001656303583484349	0.005023033709434193	0.7416037270194398	-0.019034740911076094	0.015722133744107396
1,12	-0.005199351417007692	0.005022978755149303	0.30064712959544765	-0.022577598616551113	0.012178895782535731
1,13	0.0022806183891850153	0.005022995242256379	0.6498154708900087	-0.015097685851615462	0.019658922629985493
2,3	0.037558244232421004	0.005022985304581948	8.385665959556585e-14	0.020179974373482616	0.05493651409135939
2,4	-0.06013221947454379	0.005023032034348511	9.513144226267096e-33	-0.07751065100675902	-0.04275378794232855
2,5	-0.015024201158240335	0.005022995834165162	0.00278830215036905	-0.03240250744689681	0.0023541051304161384
2,6	-0.0008384597439390195	0.005023038342697423	0.8674349627319109	-0.018216913101459953	0.01653999361358191
2,7	-0.005523624429750601	0.005023008920170713	0.2715111935367271	-0.022901975992705534	0.011854727133204332
2,8	0.0012930560270997381	0.005023009810709302	0.7968560916495899	-0.01608529861689545	0.01867141067109493
2,9	0.0034927618816404504	0.00502301995196104	0.486855419826443	-0.013885627848543273	0.020871151611824172
2,10	0.0012550849057008468	0.005023005123133448	0.8026963141135094	-0.01612325352045709	0.018633423331858787
2,11	-0.008999511601950904	0.005023028511363358	0.07322647661780753	-0.02637793094552075	0.008378907741618941
2,12	-0.009153370475080407	0.005022992160690683	0.06844737406890501	-0.026531664054436147	0.008224923104275333
2,13	-0.0037872833747338228	0.005022971656423285	0.4508757068541853	-0.02116550601446492	0.013590939264997274
3,4	0.06011593951121386	0.0050230126368036535	9.87993937463709e-33	0.04273757508964074	0.07749430393278699
3,5	0.0317639739577959	0.0050230018325977946	2.689709392693223e-10	0.014385646916066364	0.049142300999525435
3,6	0.0008623415076106523	0.005023035539217597	0.8636954923604919	-0.016516102150572934	0.018240785165794235
3,7	-0.007416553827000237	0.005022969187489257	0.13984132487600004	-0.024794767924838576	0.0099616602708381
3,8	-0.004786715324621566	0.00502301439555006	0.34064058364497196	-0.022165085831016326	0.012591655181773194
3,9	-0.011779473783462339	0.005023062438650233	0.019047225752547723	-0.029158010506938985	0.005599062940014308
3,10	-0.01934064760047565	0.005022978587285053	0.0001188213281467502	-0.036718894219250856	-0.0019624009817004497
3,11	0.02301485368535011	0.005023015882641345	4.6774630611750235e-06	0.005636478033992323	0.04039322933670789
3,12	-0.008367014153095943	0.005022987856371028	0.0958031947484516	-0.0257452928405848	0.009011264534392912
3,13	0.007742883225071897	0.005022985399251408	0.12323677109143255	-0.009635386961399088	0.025121153411542883
4,5	-0.038852160183513396	0.005023039209366044	1.1609940453513446e-14	-0.05623061653949048	-0.021473703827536314
4,6	0.0047975145059921745	0.005023067088080654	0.33955747814683923	-0.012581038303348082	0.02217606731533243
4,7	-0.0022024823709467954	0.005023006608206004	0.6610509231799784	-0.01958082593508346	0.01517586119318987
4,8	0.023150143932166287	0.005023049873602021	4.1126504346771774e-06	0.0057716506806063175	0.040528637183726256
4,9	0.01686873412524859	0.0050230263651416945	0.0007879234232660026	-0.0005096777929323726	0.03424714604342955
4,10	0.019659499801972662	0.005023040776650221	9.157861260331496e-05	0.002281038023585258	0.03703796158036007
4,11	-0.02983583845447301	0.005023053290896746	2.9724757099198456e-09	-0.04721434352901599	-0.01245733337993003
4,12	0.02190804468668843	0.005023035297807429	1.3077208651958506e-05	0.004529601863723504	0.039286487509653356
4,13	-0.007504304151787905	0.005022999039829541	0.1352177098430026	-0.02488262153123945	0.009874013227663639
5,6	-0.007967928841411467	0.005023044981048331	0.11271626154341391	-0.025346405165962264	0.009410547483139329
5,7	-0.0029946456685740726	0.005022997178797333	0.5510670491090659	-0.02037295660932075	0.014383665272172608
5,8	0.0011618537102839662	0.005023025842587672	0.8170833151141076	-0.01621655639999109	0.018540263820559018
5,9	0.003417229521940011	0.0050230273789451715	0.49632600440952146	-0.013961185903746816	0.02079564494762684
5,10	-0.002077940010356857	0.005023032252139868	0.6791177313722586	-0.019456372296075594	0.015300492275361878
5,11	0.0002926865599651267	0.005023032651929503	0.9535358887807301	-0.017085747108925513	0.017671120228855766
5,12	0.00529418201747087	0.005022985445153351	0.2919185881505807	-0.012084088327809328	0.022672452362751068
5,13	-0.0022993018404641502	0.005023001538743712	0.647141130043059	-0.019677627865532232	0.015079024184603933
6,7	-0.005143803737954799	0.005023024971013483	0.30584474896945263	-0.02252221083280167	0.01223460335689207
6,8	-0.00682673294814681	0.00502308330477897	0.17416174251260325	-0.02420534186319761	0.01055187596690399
6,9	0.0018031355999133143	0.005023052086539532	0.7196253596672724	-0.015575365307855644	0.019181636507682273
6,10	-0.0010650470150104143	0.005023040817260036	0.8320871798736168	-0.018443508933897602	0.01631341490387677
6,11	-0.003065436331433316	0.005023067479769861	0.5416989976707125	-0.020443990495920033	0.0143131178330534
6,12	0.003946113525177682	0.005023034636382176	0.4321229195466497	-0.013432327009421695	0.02132455405977706
6,13	-0.001430829080383055	0.00502300691563025	0.7757624854431446	-0.01880917370813054	0.015947515547364427
7,8	-0.022765602375146986	0.005023007696509178	5.919618368034221e-06	-0.040143949704539786	-0.005387255045754182
7,9	-0.006699295262827507	0.005022992632320209	0.18233140671078776	-0.024077590473903166	0.010678999948248152
7,10	-0.014189899753411915	0.00502300756998454	0.004739967501346863	-0.03156824664506119	0.0031884471382373596
7,11	0.002533525104522246	0.005022997694756927	0.6140045902420244	-0.014844787621315272	0.019911837830359765
7,12	0.010255247229817164	0.005022995694669135	0.041217810864777535	-0.00712305857621803	0.027633553035852357
7,13	-0.00015071092309962546	0.0050230384062875345	0.9760646571270934	-0.0175291645006264	0.01722774265442715
8,9	0.0008068730415942841	0.005023028788332231	0.872385099776734	-0.016571547260218426	0.018185293343406992
8,10	-0.0035002057720468407	0.005023017313994985	0.4859272199195208	-0.02087858637552937	0.013878174831435686
8,11	0.007425443364992253	0.005023047413280909	0.13937338104014374	-0.009953041374473486	0.02480392810445799
8,12	-0.01522553736007608	0.005023016813017901	0.0024439471394787225	-0.032603916230303495	0.002152841510151337
8,13	-0.02120660688247596	0.00502301874972817	2.4492935757145146e-05	-0.038584992453235364	-0.0038282213117165585
9,10	0.000707404442254196	0.005023004511078615	0.8880054482542513	-0.016670931866347466	0.01808574075085586
9,11	0.005877594960288825	0.005023042090013026	0.24198464782808027	-0.011500871362004617	0.023256061282582265
9,12	0.008447542334899288	0.00502300882223184	0.09265232115588194	-0.0089308088892117	0.025825893559010275
9,13	0.007731917455717847	0.005023002436417841	0.12376986270799231	-0.009646411675077668	0.02511024658651336
10,11	0.0065762194511388376	0.005023059727313282	0.19050194347288907	-0.010802307891791705	0.02395474679406938
10,12	-0.0006219432969886548	0.005022991689630096	0.9014614412966174	-0.018000235246592864	0.016756348652615553
10,13	0.007579092531328089	0.005022987319550575	0.13136827996623673	-0.009799184298896584	0.02495736936155276
11,12	0.0063281834891636	0.005023022396479016	0.20776508473565936	-0.011050214698439465	0.023706581676766664
11,13	0.008651008414966247	0.005023016943884313	0.08505837874717392	-0.008727370908026146	0.02602938773795864
12,13	-0.003911526714025296	0.005023008793165778	0.4361664469335015	-0.021289877837574994	0.013466824409524403
