Params:	92
Performance_R2:	0.8140541950431915
Alpha:	0.05
Alpha_Bonf:	0.0005434782608695652
Term	Coefficient	StdErr	p_value	CI_lower	CI_upper
Intercept	6.709208060205642	0.04305687347608971	0.0	6.560229363507017	6.858186756904266
1	-0.014391704183378096	0.03256304058313998	0.6585293547870155	-0.1270612724769182	0.09827786411016201
2	0.1840220804708803	0.03244535814520189	1.4728415086889655e-08	0.07175969864521203	0.2962844622965486
3	0.7177623219055271	0.03279564796753983	1.3813392085623474e-102	0.60428792171936	0.8312367220916943
4	1.6607284475666582	0.03246166431614244	0.0	1.5484096456645016	1.7730472494688148
5	1.102442928594516	0.03239604422018947	3.8660532958690123e-234	0.9903511751420743	1.2145346820469578
6	0.07063333030537428	0.03249030823377615	0.029741685312774362	-0.04178458082541178	0.18305124143616033
7	0.851175033959367	0.032565655475896946	1.9837340976592742e-143	0.7384964180206197	0.9638536498981143
8	-0.2492383242090052	0.032443879425936566	1.7899633920144517e-14	-0.361495589600266	-0.13698105881774442
9	-0.26524403295171217	0.03259949824966598	4.8182902094654795e-16	-0.3780397463924779	-0.15244831951094645
10	-0.22612543037565153	0.03255831158770535	4.136581809879996e-12	-0.3387786361347188	-0.11347222461658425
11	0.911783187771293	0.03239214471680217	8.5047245372025175e-165	0.7997049267739579	1.023861448768628
12	0.19952669734109701	0.03260308535349562	9.89785176037396e-10	0.08671857236158453	0.3123348223206095
13	0.02572959770201126	0.03251440007185946	0.4287800814342736	-0.08677167225975725	0.1382308676637798
1,2	-0.00031773858776285024	0.017988965906282694	0.985908250736594	-0.0625603604809252	0.0619248833053995
1,3	0.0266034532387871	0.01796403758631596	0.13867304778131406	-0.035552915558883014	0.08875982203645721
1,4	-0.010004809675870474	0.0180150525922053	0.5786682693114552	-0.0723376926622377	0.052328073310496756
1,5	-0.011369116006829882	0.01798683120714192	0.5273563485640528	-0.07360435174604836	0.050866119732388596
1,6	0.013278544270610482	0.01793237195593188	0.45903556929424627	-0.04876826003795709	0.07532534857917805
1,7	-0.039228186668309704	0.017953205351204884	0.02892187042069856	-0.10134707545085338	0.02289070211423397
1,8	-0.011425572788163557	0.017943409872421306	0.5243057549561696	-0.07351056877857204	0.05065942320224492
1,9	-0.004232784310389374	0.017947518679295234	0.8135622983586426	-0.06633199695527472	0.05786642833449597
1,10	-0.009062656794134899	0.017942937730643788	0.6135179109365592	-0.07114601915299995	0.05302070556473015
1,11	-0.008627879362508029	0.017957098718581633	0.6309077674425867	-0.07076023936928907	0.053504480644273024
1,12	0.030305251838638234	0.017947500115826645	0.0913525930884692	-0.0317938965758204	0.09240440025309687
1,13	0.021044936022110387	0.0179373623934618	0.24073926299634188	-0.04101913542220442	0.08310900746642519
2,3	0.2776449006612327	0.018021993535518657	1.2040466738582913e-52	0.2152880017023807	0.34000179962008475
2,4	-0.15486851807933122	0.018093023653503192	1.391810249711258e-17	-0.21747118440467728	-0.09226585175398516
2,5	-0.04497632746072039	0.018053773227838098	0.01275391849640887	-0.10744318556804293	0.01749053064660215
2,6	-0.020503757149466062	0.017983903245754822	0.25427855662026744	-0.08272886201209695	0.041721347713164825
2,7	-0.05149041190093603	0.017997480540548567	0.004236526220603202	-0.11376249480725112	0.010781671005379072
2,8	-0.011951465817856916	0.017994233145465718	0.5065961536811867	-0.0742123125927939	0.05030938095708006
2,9	-0.020300446808433865	0.0179911885749538	0.25921076020997563	-0.0825507592340265	0.04194986561715877
2,10	0.005246755768349723	0.017997724638360867	0.7706602351602022	-0.05702617172724944	0.06751968326394889
2,11	-0.01724509182295412	0.01800714027187378	0.33825858552974364	-0.07955059782916261	0.04506041418325438
2,12	-0.011730624555449612	0.01800566502013177	0.5147486698396093	-0.07403102612503548	0.05056977701413626
2,13	0.006456323157350945	0.01798304584394043	0.7195894475799716	-0.055765815056878824	0.0686784613715807
3,4	-0.3289707493270504	0.01811899103618331	6.147929417211075e-72	-0.39166326395107764	-0.26627823470302314
3,5	-0.0590536796425023	0.018073072839800967	0.001090544840776997	-0.12158731526535008	0.0034799559803454783
3,6	-0.051269534105790826	0.017962129091106324	0.004326345749554101	-0.11341929942517669	0.010880231213595035
3,7	-0.25519950501588073	0.01799143613115203	5.158410623223331e-45	-0.3174506739969265	-0.19294833603483494
3,8	-0.009114593010248428	0.01797269273297245	0.6120764715622946	-0.07130090900019052	0.053071722979693675
3,9	-0.004475187565200232	0.01797347537729148	0.8033774163929611	-0.0666642115392855	0.057713836408885034
3,10	-0.04372543596485793	0.01797150283412609	0.014998718835244286	-0.10590763485188423	0.01845676292216837
3,11	-0.07881024062293429	0.01800195927713687	1.2168024983886361e-05	-0.14109782015698646	-0.01652266108888211
3,12	-0.13775329512415715	0.017981217568998634	2.1083782655869064e-14	-0.1999691074257963	-0.07553748282251802
3,13	-0.022550596248265074	0.01796366016709359	0.20939756209971544	-0.0847056591586443	0.039604466662114146
4,5	-0.4139086242689787	0.018142657490166147	5.543989803221706e-111	-0.4766830258760866	-0.3511342226618708
4,6	-0.04851562365420281	0.018013398133792206	0.007092445205922296	-0.11084278214089727	0.013811534832491645
4,7	-0.3080305911219779	0.018054042304481262	6.478433454468097e-64	-0.37049838024644993	-0.24556280199750585
4,8	0.01890965143198317	0.01802702905269065	0.2942341742886468	-0.04346467064018208	0.08128397350414843
4,9	0.12834938816593655	0.01802201562857793	1.1772300891271435e-12	0.0659924127641171	0.190706363567756
4,10	0.07203792069190554	0.018023046152052198	6.484711552890586e-05	0.009677379633044152	0.13439846175076692
4,11	-0.3491196195847149	0.018055996787307738	4.413907725388371e-81	-0.41159417130667025	-0.2866450678627595
4,12	0.01870219073888685	0.018034341924101558	0.2997586342571085	-0.04369743419351804	0.08110181567129175
4,13	-0.0027744234055189984	0.01800957290716308	0.8775728557861346	-0.06508834643799263	0.05953949962695464
5,6	-0.002729406469925033	0.017982026587322182	0.8793609188492255	-0.06494801801093567	0.05948920507108559
5,7	-0.16044160707481114	0.018021065876895805	6.911980504425212e-19	-0.22279529629358089	-0.0980879178560414
5,8	0.01999623537785012	0.01798818119087231	0.26633666582298	-0.042243671365100884	0.08223614212080113
5,9	0.039130537728218846	0.017987048368027128	0.029628971593816868	-0.023105449397318248	0.10136652485375594
5,10	0.0738911584510194	0.017993286018123777	4.063466677541715e-05	0.011633588778798401	0.13614872812324041
5,11	-0.1913844746523996	0.018011870675530228	3.675259391537535e-26	-0.25370634806559106	-0.12906260123920815
5,12	-0.07674112677415618	0.017994498805166285	2.0294437353085045e-05	-0.13900289274346936	-0.014479360804843001
5,13	-0.007373489693890241	0.01798083650123533	0.681764219842129	-0.06958798348412464	0.054841004096344154
6,7	0.0012227645375374185	0.017942369062457785	0.9456686292139966	-0.06085863020411893	0.06330415927919376
6,8	-0.01253181463346139	0.017939644104562284	0.4848550782614969	-0.07460378089963737	0.049540151632714594
6,9	-0.007424606073638214	0.01794152922189701	0.6790175520220079	-0.06950309492961179	0.054653882782335364
6,10	0.010648090539392321	0.017942992443751752	0.5529068738428877	-0.05143546112925904	0.07273164220804368
6,11	0.016744902491942066	0.0179537767915854	0.35102558735752687	-0.045375963499726585	0.07886576848361071
6,12	0.009508943533465535	0.01794444795972177	0.5961919858956253	-0.05257964428515983	0.0715975313520909
6,13	0.014001965414381087	0.017935037917091612	0.43500409075349955	-0.04805406323833787	0.07605799406710004
7,8	0.0983955406401652	0.01795181577908755	4.382328881891392e-08	0.03628145983893313	0.16050962144139727
7,9	0.031695704106087505	0.017952990915296882	0.0775284871342964	-0.030422442718679846	0.09381385093085486
7,10	0.004501923285449065	0.017950382451026176	0.8019778978571752	-0.05760719813695946	0.06661104470785759
7,11	-0.09489539940761102	0.01797324459951355	1.334134892721942e-07	-0.1570836248803234	-0.03270717393489864
7,12	-0.002309196433922779	0.01795509575151177	0.8976705150620998	-0.06443462608558262	0.05981623321773706
7,13	-0.01816702456406797	0.017941973114815813	0.31131520688023845	-0.08024704930927776	0.043913000181141824
8,9	-0.012593639416006726	0.017944277322384343	0.4828164548472619	-0.07468163682185741	0.04949435798984396
8,10	-0.027054518678724285	0.017947516938801908	0.13174951383314315	-0.08915372530142535	0.03504468794397677
8,11	0.05425509668654731	0.017962865713066375	0.002533978050501826	-0.007897217377573325	0.11640741075066793
8,12	-0.011935463585201228	0.017956234239380295	0.5062670636314343	-0.07406483245550763	0.05019390528510518
8,13	0.012466599684420602	0.017941294802764705	0.48717041507299175	-0.04961107807093204	0.07454427743977325
9,10	-0.03877885629075856	0.017944437158539737	0.030726942481568646	-0.10086740673681382	0.023309694155296712
9,11	0.0016107743168163394	0.017966551246884965	0.9285648220453544	-0.06055429185818938	0.06377584049182206
9,12	0.04682043478574517	0.01795447051440759	0.009134822264911328	-0.015302831517733796	0.10894370108922413
9,13	-0.010066189892919013	0.01794201295530318	0.5747890663137014	-0.07214635248798656	0.05201397270214853
10,11	-0.047381231834755344	0.017962251182079225	0.008363454738902511	-0.10953141959433607	0.014768955924825383
10,12	0.10970365731595945	0.017949449473636997	1.0408081050641179e-09	0.04759776403680118	0.1718095505951177
10,13	0.04932008387889923	0.01794196952794754	0.005996315156157594	-0.01275992845558685	0.11140009621338531
11,12	-0.09827661047975333	0.01796743245080622	4.6719552816415334e-08	-0.16044472565950826	-0.03610849529999841
11,13	0.00036785575695796185	0.017954918881389063	0.9836549048367358	-0.06175696191621299	0.06249267343012892
12,13	-0.03624457170016106	0.017944844651227726	0.04344663805095581	-0.09833453208903543	0.02584538868871332
