Params:	14
Performance_R2:	0.7753452373687904
Alpha:	0.05
Alpha_Bonf:	0.0035714285714285718
Term	Coefficient	StdErr	p_value	CI_lower	CI_upper
Intercept	7.269210683076898	0.01916736836400123	0.0	7.2133425116681344	7.325078854485662
1	-0.027605989865795433	0.010210022913448526	0.006872129656281823	-0.05736569914791385	0.0021537194163229814
2	0.1943530332165142	0.010236037299889526	2.374024446303233e-78	0.16451749838687257	0.22418856804615583
3	0.3920294613851816	0.01022289041949806	3.6276967992758954e-291	0.3622322464830987	0.42182667628726445
4	0.9926195057734446	0.010251095029726681	0.0	0.9627400813594014	1.0224989301874878
5	0.7771325373768058	0.010234083258122945	0.0	0.7473026980990146	0.8069623766545969
6	0.03023922279873381	0.010207645272236268	0.0030631000132637144	0.0004864437568169941	0.05999200184065063
7	0.460984413236767	0.010212222135131233	0.0	0.431218293763557	0.4907505327099769
8	-0.2438176257319406	0.010211502400637264	5.163409920804824e-121	-0.27358164735586243	-0.21405360410801877
9	-0.22046487312627383	0.010211303222258656	5.172502213258337e-100	-0.2502283141941388	-0.19070143205840884
10	-0.16655458975729973	0.010211037880459406	1.0870623349150675e-58	-0.196317257418986	-0.13679192209561344
11	0.5248568930746157	0.01021854105074039	0.0	0.49507235551428674	0.5546414306349446
12	0.12830241105700085	0.01021377647476021	8.628260860459635e-36	0.09853176106550743	0.15807306104849428
13	0.02909345566716246	0.010207725690734618	0.004383277315044011	-0.0006595577749268222	0.058846469109251745
