Params:	14
Performance_R2:	0.7345480086351037
Alpha:	0.05
Alpha_Bonf:	0.0035714285714285718
Term	Coefficient	StdErr	p_value	CI_lower	CI_upper
Intercept	7.276298344770256	0.01998505401336799	0.0	7.218046820511494	7.334549869029018
1	-0.01517592784301125	0.01064558553516515	0.15404160620815782	-0.046205195196284465	0.01585333951026197
2	0.1511089039312632	0.010672709703088196	7.270777264880735e-45	0.1200005762900012	0.18221723157252517
3	0.38870588144847584	0.010659001972859345	7.397118660437032e-266	0.3576375084743078	0.4197742544226439
4	0.9536504463040182	0.010688409800169829	0.0	0.9224963567355978	0.9848045358724385
5	0.6788638255444914	0.010670672301317232	0.0	0.6477614364290201	0.7099662146599628
6	0.03070139799038546	0.01064310646306986	0.003931218681704464	-0.0003206434765728426	0.061723439457343765
7	0.4502361026773113	0.010647878576300564	0.0	0.4192001516722833	0.4812720536823393
8	-0.19705381480022036	0.010647128137718486	1.2463806145594286e-74	-0.2280875784610841	-0.1660200511393566
9	-0.1878738194968055	0.010646920462330858	3.696387711005389e-68	-0.21890697783491794	-0.15684066115869308
10	-0.14620753094635747	0.010646643800971339	2.3995879607417826e-42	-0.177239882884553	-0.11517517900816193
11	0.497399137220174	0.01065446705873366	0.0	0.466343982406939	0.528454292033409
12	0.12038488370485168	0.010649499224521556	2.2972923988912866e-29	0.0893442089082794	0.15142555850142395
13	0.02532587066552612	0.010643190312245327	0.017362099952200234	-0.005696415201185894	0.05634815653223814
