Params:	92
Performance_R2:	0.8042483653544228
Alpha:	0.05
Alpha_Bonf:	0.0005434782608695652
Term	Coefficient	StdErr	p_value	CI_lower	CI_upper
Intercept	7.13678025227608	0.046056861378764975	0.0	6.977421464043397	7.296139040508763
1	-0.00586838576744686	0.0348318706197192	0.8662127844411651	-0.1263882068683109	0.11465143533341718
2	0.04295219616432977	0.03470598865725299	0.21590743204039045	-0.07713206774921327	0.1630364600778728
3	0.54343366710832	0.03508068492494111	3.3679798814719725e-53	0.4220529374481636	0.6648143967684763
4	1.0714408267525541	0.034723430960745934	1.656417572246666e-195	0.9512962116933747	1.1915854418117335
5	0.6671538029271457	0.03465323878423675	2.0230796562066192e-80	0.5472520559196976	0.7870555499345937
6	0.07702636793361717	0.034754070643502576	0.026702876871114615	-0.043224261790256305	0.19727699765749063
7	0.5355843070245727	0.03483466770514378	1.9081875218303247e-52	0.41505480788377064	0.6561138061653748
8	-0.06151446872759936	0.03470440690821449	0.07635304489621096	-0.18159325971913864	0.05856432226393994
9	-0.11295127980136585	0.03487086847436635	0.0012048416809097612	-0.23360603521330106	0.00770347561056936
10	-0.09350377749546465	0.03482681213150095	0.007274855744031994	-0.21400609600217402	0.026998541011244714
11	0.6264158341930566	0.03464906758292891	2.3432412704512126e-71	0.5065285197276009	0.7463031486585122
12	0.08137575733631261	0.03487470550967558	0.019658146340337947	-0.03929227438840162	0.20204378906102682
13	0.008306759088356451	0.03477984108054044	0.8112383106786648	-0.11203303749351909	0.12864655567023198
1,2	0.006320211644566864	0.01924234720742279	0.7425793245947523	-0.060259165280610774	0.0728995885697445
1,3	0.01696280417581164	0.019215682006621552	0.37739875449285953	-0.04952430996895808	0.08344991832058136
1,4	-0.021685675446484476	0.019270251483334416	0.26048361873393355	-0.08836160240704592	0.04499025151407697
1,5	-0.030810931010659126	0.019240063773107323	0.10933709742744849	-0.09738240715157512	0.035760545130256866
1,6	0.02893234531885458	0.01918181007326158	0.1315196652831312	-0.03743757043041544	0.0953022610681246
1,7	-0.046020597774392075	0.01920409503546792	0.016584694957312605	-0.1124676204837697	0.020426424934985546
1,8	-0.015023243372767794	0.019193617056644765	0.4338189624036888	-0.08143401180952675	0.05138752506399116
1,9	-0.0021895152803963307	0.019198012144660843	0.9092023451403697	-0.06861549091711315	0.06423646035632048
1,10	0.001850672446111916	0.01919311201838623	0.9231869114122337	-0.0645583485358166	0.06825969342804042
1,11	-0.012246884564993551	0.019208259673238637	0.5237662838844771	-0.07870831710623338	0.05421454797624628
1,12	0.022727830790165708	0.019197992287782475	0.23650884162496788	-0.04369807614086905	0.08915373772120047
1,13	0.011215434239706515	0.01918714821955459	0.5588846572104578	-0.05517295173309149	0.07760382021250452
2,3	0.3198407292386314	0.019277676036912342	1.3171840829249732e-60	0.2531391129925666	0.3865423454846962
2,4	-0.10140163348341757	0.019353655178768702	1.6604991614180917e-07	-0.16836614093862523	-0.03443712602820992
2,5	0.07480997088357921	0.019311669979473662	0.00010817078370218894	0.007990734084753065	0.14162920768240536
2,6	-0.014350040718886237	0.019236931805994038	0.4557160989571709	-0.08091068011433117	0.052210598676558695
2,7	0.0011472951453114638	0.019251455098879235	0.9524797984178107	-0.06546359548927676	0.06775818577989969
2,8	-0.016665607108413232	0.019247981441525643	0.3866110112342599	-0.08326447873410608	0.04993326451727961
2,9	-0.05058053693336008	0.019244724740546112	0.00860149829992006	-0.11716814022885852	0.01600706636213836
2,10	-0.002813281022637889	0.019251716204207986	0.8838220574398203	-0.06942507509327331	0.06379851304799752
2,11	0.056181460293480055	0.0192617878720391	0.0035490381951289816	-0.010465182195675445	0.12282810278263556
2,12	0.01897117635026064	0.01926020983212363	0.32466324090128496	-0.04767000605062172	0.08561235875114301
2,13	0.013588354497384693	0.019236014664703385	0.4799630860889228	-0.052969111548415014	0.08014582054318439
3,4	-0.1396024692402762	0.019381431838983745	6.544298007253576e-13	-0.2066630851748832	-0.07254185330566919
3,5	0.13398911450581208	0.01933231429200907	4.577234822986195e-12	0.06709844746768925	0.2008797815439349
3,6	-0.06538481319750589	0.019213640536997402	0.0006703359720614588	-0.1318648637666046	0.0010952373715928249
3,7	-0.1577426089861156	0.01924498954522385	2.94270597640872e-16	-0.22433112851757325	-0.09115408945465799
3,8	-0.06877606588099543	0.019224940200670223	0.00034944507870364195	-0.13529521378882786	-0.002256917973162992
3,9	-0.08031407718726763	0.019225777375736604	2.986124794364891e-05	-0.14683612175805372	-0.013792032616481556
3,10	-0.07617284426201039	0.019223667395615027	7.496052284565187e-05	-0.14268758820775812	-0.009658100316262658
3,11	-0.027875433467400915	0.01925624589146463	0.14777476947542323	-0.09450290045735134	0.03875203352254951
3,12	-0.14292011420199677	0.019234059004694694	1.2168269425707498e-13	-0.20947081357721037	-0.07636941482678317
3,13	-0.016814867801750417	0.019215278290712727	0.3815630655757175	-0.08330058507152487	0.04967084946802404
4,5	0.13431421146075873	0.019406747253281526	4.903998003672249e-12	0.06716600306706239	0.20146241985445507
4,6	-0.026201118927276168	0.019268481750522044	0.1739420065672888	-0.0928709225336178	0.04046868467906546
4,7	0.024428881216279306	0.019311957804033462	0.20592950300370694	-0.04239135146832151	0.09124911390088011
4,8	-0.11080374965604134	0.019283062403771742	9.532818171051539e-09	-0.1775240029709379	-0.04408349634114479
4,9	0.02279136860254771	0.019277699669305644	0.23714246121070662	-0.04391032941264869	0.08949306661774412
4,10	-0.013726172470857959	0.019278801994508803	0.4765005057575965	-0.08043168458027083	0.05297933963855492
4,11	-0.04545696446400391	0.019314048465461912	0.018623062488253253	-0.11228443093010587	0.021370502002098057
4,12	0.13111897763008218	0.019290884799539512	1.1615051446533154e-11	0.06437165847801586	0.1978662967821485
4,13	-0.0013306921461889512	0.019264390001205924	0.9449318159779438	-0.06798633811796215	0.06532495382558426
5,6	0.006615229082415852	0.019234924391374503	0.7309191303162521	-0.05993846456918825	0.07316892273401995
5,7	0.021631809673092806	0.0192766837436697	0.26182863193676637	-0.04506637319423133	0.08832999254041694
5,8	-0.11132806953116589	0.019241507816961753	7.543775636213258e-09	-0.17790454212802587	-0.044751596934305915
5,9	-0.0619147075654789	0.019240296064678433	0.00129720399504388	-0.1284869874455595	0.0046575723146017045
5,10	0.010376888833773454	0.019246968323080805	0.5898055033717569	-0.05621847735705318	0.07697225502460009
5,11	0.04740886242064794	0.019266847866597034	0.013894012721287005	-0.01925528787466449	0.11407301271596038
5,12	-0.03806222661685493	0.01924826561106735	0.04803353059970789	-0.10466208148179734	0.028537628248087477
5,13	0.011354176484820093	0.019233651386032828	0.5549903647323979	-0.055195112511699174	0.07790346548133936
6,7	0.014273799679418973	0.019192503728241155	0.4570737215450801	-0.05213311659156071	0.08068071595039865
6,8	-0.0376757177108845	0.01918958890888889	0.04964812072352156	-0.10407254857730146	0.028721113155532454
6,9	-0.017687602053546726	0.019191605371784562	0.35675388503795125	-0.08409140997124226	0.048716205864148814
6,10	-0.005639996781289902	0.0191931705436303	0.7688783705595708	-0.07204922026316515	0.06076922670058535
6,11	0.0018243880156258233	0.019204706290960178	0.9243201335828377	-0.06462474966493373	0.06827352569618539
6,12	0.0020104632877338824	0.01919472747268375	0.9165849694511612	-0.06440414723789327	0.06842507381336103
6,13	0.02018630399975524	0.01918466178528018	0.292741192300143	-0.046193478799897034	0.08656608679940751
7,8	0.04673244928876879	0.019202608644905465	0.014973563840150663	-0.0197094304431722	0.11317432902070979
7,9	-0.005671841192467348	0.01920386565873682	0.7677365646978777	-0.0721180702481564	0.060774387863221715
7,10	-0.06750477259774622	0.01920107544970331	0.00044155893605117726	-0.13394134740611607	-0.001068197789376349
7,11	-0.014271867209673442	0.019225530518515693	0.45790800247497865	-0.08079305764349896	0.052249323224152086
7,12	0.060092666912629114	0.01920611714942687	0.0017626322553591723	-0.006361352400957296	0.1265466862262155
7,13	-0.02223527505414439	0.019192080192944987	0.24667510152597052	-0.08864072587416735	0.04417017576587857
8,9	0.011623524286233686	0.019194544946188875	0.5448250250777377	-0.05479045468960536	0.07803750326207273
8,10	-0.01711429680464384	0.019198010282898637	0.3727136272134297	-0.08354026599958064	0.049311672390292965
8,11	-0.019978062242701204	0.019214428483096683	0.2984972571195062	-0.08646083914033847	0.04650471465493607
8,12	-0.02125142331953816	0.019207334961444066	0.2685838215234146	-0.0877096563168526	0.04520680967777629
8,13	0.007295714316528314	0.01919135461949789	0.7038415423341864	-0.05910722598710595	0.07369865462016258
9,10	-0.01959468563134408	0.0191947159189293	0.30736858525156224	-0.08600925618046709	0.04681988491777894
9,11	-0.05491807150010232	0.019218370806504903	0.0042820816161307325	-0.12141448901202265	0.011578346011818008
9,12	0.05267097170602515	0.01920544834892392	0.006113642297971588	-0.013780733528083663	0.11912267694013397
9,13	-0.0070980222900759934	0.01919212280931854	0.7115131953544775	-0.07350362056464632	0.05930757598449434
10,11	-0.09038796454304943	0.019213771134659535	2.598462984560027e-06	-0.15686846698586598	-0.023907462100232868
10,12	0.10932616564439235	0.019200077467109274	1.2935842271494086e-08	0.042893043900171915	0.1757592873886128
10,13	0.026963728232884867	0.01919207635616165	0.16008565076083917	-0.039441709311697146	0.09336916577746689
11,12	-0.07265186822731427	0.01921931340831435	0.00015810684352763309	-0.13915154718340694	-0.006152189271221617
11,13	0.03199469163898248	0.01920592795587736	0.09578525732251682	-0.03445867305651038	0.09844805633447534
12,13	-0.03415814594914747	0.019195151803672622	0.07520031118496513	-0.10057422467886347	0.03225793278056853
