Params:	378
Performance_R2:	0.8227159372767159
Alpha:	0.05
Alpha_Bonf:	0.00013227513227513228
Term	Coefficient	StdErr	p_value	CI_lower	CI_upper
Intercept	9.107188949741438	0.0033478664871768793	0.0	9.09438528663249	9.119992612850387
1	-0.006656335252607755	0.0033450475514915125	0.046641951578101686	-0.019449217554443725	0.006136547049228213
2	-0.07062913000985321	0.0033498358942933813	1.3926758928937884e-95	-0.08344032496791969	-0.05781793505178674
3	0.15582530971190847	0.0033491652143046897	0.0	0.1430166797189211	0.16863393970489585
4	0.3821581527832038	0.00334952158776613	0.0	0.36934815986676695	0.39496814569964067
5	0.2617973486420724	0.0033515299908492865	0.0	0.24897967473938284	0.27461502254476194
6	0.014550477211494339	0.003346080295004027	1.3910535643634467e-05	0.0017536452599149193	0.027347309163073756
7	0.10348385657891329	0.00334656207990098	2.6500708287332606e-196	0.09068518207729934	0.11628253108052725
8	-0.03221306305288833	0.0033471727847321007	8.775538774511325e-22	-0.045014073149110566	-0.0194120529566661
9	0.012266265856407596	0.0033454938585761036	0.00024780506042960205	-0.0005283233132428837	0.025060855026058076
10	-0.005028613919417073	0.0033447856815702454	0.1327784848959358	-0.0178204947194718	0.007763266880637653
11	0.0034872752595115613	0.003345504776134407	0.2972750402009459	-0.009307355663517982	0.016281906182541106
12	0.1862248666463602	0.003349523189444014	0.0	0.17341486760442693	0.19903486568829348
13	0.02275215496929362	0.0033432251589194796	1.0951564003342525e-11	0.009966242270526931	0.03553806766806031
1,2	-0.0033040427231955634	0.0033422417842277996	0.32290908401361307	-0.016086194579554004	0.009478109133162875
1,3	-0.0024438621657509743	0.0033429886547132735	0.46477975921702475	-0.015228870372002292	0.010341146040500345
1,4	-0.0004688897839282963	0.0033442816931001486	0.8885011352918593	-0.0132588431180561	0.01232106355019951
1,5	-0.0058751098373474395	0.0033431624874869143	0.07890395246578587	-0.018660782853942754	0.006910563179247875
1,6	-0.004124021698568119	0.003340204116892888	0.2170000449590304	-0.016898380649748215	0.008650337252611977
1,7	-0.0022696590248995237	0.0033412220567486215	0.4969776855177386	-0.01504791101035321	0.010508592960554163
1,8	0.000994938697564613	0.0033395104826407862	0.7657662646076278	-0.011776767501685633	0.013766644896814858
1,9	-0.0006381518080489266	0.0033390679748411976	0.848439954098754	-0.013408165669563866	0.012131862053466013
1,10	0.002656710408124098	0.0033383931889399664	0.42617367944823514	-0.010110722785558619	0.015424143601806816
1,11	0.007251198752556313	0.0033400009440500253	0.02996509389132148	-0.005522383179395907	0.020024780684508532
1,12	-0.0026119675366863774	0.0033412474483020256	0.4343985676746527	-0.015390316630222733	0.010166381556849978
1,13	-0.0016736277231150524	0.003338962418517692	0.6162174884023032	-0.014443237892424715	0.01109598244619461
2,3	0.06994463894662949	0.003347595354265516	5.957710014755124e-94	0.05714201276506853	0.08274726512819044
2,4	0.028977301526510926	0.0033484283299825743	6.162504209397762e-18	0.016171489692087163	0.04178311336093469
2,5	0.046346652934605576	0.0033489921620876613	5.808410352214086e-43	0.03353868476678226	0.05915462110242889
2,6	-0.000584785199632546	0.00334242324294683	0.8611175989141955	-0.013367631031188485	0.012198060631923394
2,7	-0.00462693919413951	0.0033434857544671517	0.16644560173230047	-0.017413848520941657	0.008159970132662637
2,8	-0.004120966384797743	0.0033420865628519744	0.21759990568760337	-0.01690252460870071	0.008660591839105225
2,9	-0.0013656983702502702	0.003342173731383129	0.6828274436151287	-0.01414758996363224	0.0114161932231317
2,10	0.0022089979878675654	0.0033423047649414144	0.5086861145226242	-0.010573394733484318	0.014991390709219447
2,11	0.007197609100177228	0.0033434703108379212	0.031375240732756195	-0.005589241163628647	0.019984459363983104
2,12	0.02465890169959231	0.0033457705434651866	1.9102556909044575e-13	0.011863254369432528	0.03745454902975209
2,13	0.007598098039674834	0.003341857537572202	0.023020830002035128	-0.005182584294303351	0.020378780373653017
3,4	-0.10012666254757951	0.003348256434040575	1.759853267664327e-184	-0.11293181697892594	-0.08732150811623308
3,5	-0.05115595760268578	0.0033507745908575816	9.48628448148349e-52	-0.06397074253502857	-0.038341172670342975
3,6	-0.011991963713660504	0.0033433085138415966	0.0003370911258866053	-0.0247781951970458	0.0007942677697247921
3,7	-0.03137824940557639	0.0033452920245791765	8.872279315885478e-21	-0.04417206667631439	-0.018584432134838392
3,8	0.004856675027676558	0.003345659355189951	0.1466503298346589	-0.00793854707130294	0.017651897126656057
3,9	-0.020521532793357774	0.003343378842550647	8.839035547939487e-10	-0.03330803324359136	-0.007735032343124183
3,10	-0.015523242755053249	0.0033413135405811526	3.4518974013882436e-06	-0.028301844613530885	-0.0027446408965756137
3,11	0.017241022485038553	0.0033424200635258643	2.564747001005997e-07	0.004458188812938517	0.03002385615713859
3,12	-0.09209432584946026	0.003348266693838441	7.715180459510347e-158	-0.10489951951863052	-0.07928913218028999
3,13	-0.010452995694267046	0.0033412859040561874	0.0017649844353887203	-0.023231491858937442	0.002325500470403351
4,5	-0.09652765721101624	0.0033506764174914354	4.2476509742908993e-172	-0.10934206668671785	-0.08371324773531462
4,6	-0.003571546941188182	0.0033459403671911073	0.2858177774948774	-0.01636784374939105	0.009224749867014687
4,7	-0.02961128756814926	0.0033467551833228516	1.1284553328221936e-18	-0.04241070057924927	-0.01681187455704925
4,8	0.017401334390334443	0.003345817714757528	2.042184674037169e-07	0.00460550665712159	0.030197162123547297
4,9	0.0007318517833864223	0.003345071107299154	0.8268241435555421	-0.012061120605860875	0.01352482417263372
4,10	-0.0016440357255290401	0.003343182404202576	0.6229068445549832	-0.014429784912102622	0.011141713461044542
4,11	-0.014456869296396458	0.0033447451102754312	1.5668502285707933e-05	-0.02724859493459133	-0.0016651436582015879
4,12	-0.07154421013962554	0.003347808522384559	4.6556341317324726e-98	-0.08434765156659496	-0.05874076871265613
4,13	-0.013715619014893675	0.0033437006545724212	4.146050081118223e-05	-0.02650335021095509	-0.0009278878188322594
5,6	0.002120263387376564	0.0033450057972882388	0.5261943513105459	-0.010672459228655283	0.01491298600340841
5,7	-0.021928445591661915	0.003346439039534963	6.070236375493658e-11	-0.03472664953466748	-0.00913024164865635
5,8	0.002551039779937668	0.0033446038712942635	0.4456496568461803	-0.010240145700416486	0.015342225260291822
5,9	-0.010448399548318324	0.0033435354057450026	0.0017859637315697833	-0.023235498762691244	0.0023386996660545983
5,10	-0.0068155561282325335	0.0033423045496834888	0.04147160102084818	-0.0195979480263467	0.0059668357698816335
5,11	0.01433726740928659	0.0033437183745104225	1.829814924027533e-05	0.0015494684446575348	0.027125066373915645
5,12	-0.08865647130259614	0.003349533667112858	7.164894583147075e-147	-0.10146651041558438	-0.0758464321896079
5,13	-0.003521533418748022	0.0033428937843524784	0.29217823350192634	-0.016306178800453233	0.009263111962957187
6,7	-0.0024313551028973764	0.003341428675880653	0.4668599476761991	-0.015210397287652179	0.010347687081857427
6,8	-0.0025248470297889363	0.0033406745313553344	0.44980209353011624	-0.01530100504563359	0.01025131098605572
6,9	0.0008920387631805599	0.0033412055195826463	0.7894919716542371	-0.011886149977127978	0.013670227503489098
6,10	0.0033825752348059235	0.003339283052081174	0.31111391501395697	-0.009388261173406626	0.01615341164301847
6,11	-0.0018840432992218623	0.003341688601491563	0.5729093873616926	-0.014664079549889457	0.010895992951445731
6,12	-0.0042005744330012185	0.003341673090850556	0.2087878240605309	-0.016980551364391052	0.008579402498388615
6,13	0.006613191994327923	0.003339418851270675	0.04770618501361279	-0.006158163767652016	0.019384547756307862
7,8	0.02842099993330858	0.003342655671840963	2.2662895526327766e-17	0.015637265194961204	0.04120473467165595
7,9	-0.012290537321244736	0.0033410673813771973	0.00023634365514428837	-0.02506819776239564	0.00048712311990616736
7,10	-0.00017230567171149153	0.003340698638346984	0.958866707029496	-0.01294855588292918	0.012603944539506197
7,11	-0.009082661703384173	0.0033416455040933325	0.006584371242789976	-0.021862533131299745	0.0036972097245314
7,12	-0.025620742511117064	0.003343026715311357	2.0599547807723625e-14	-0.03840589627725778	-0.012835588744976348
7,13	-0.002764836970484406	0.0033408361892316146	0.40793334836644135	-0.015541613234695514	0.010011939293726702
8,9	-0.0006031608997915544	0.0033412563255688504	0.8567504803982041	-0.013381543943765953	0.012175222144182846
8,10	0.0007939838451362694	0.0033406100917913253	0.812139479314534	-0.011981927726451538	0.013569895416724077
8,11	-0.0003877985514001664	0.0033409095633015326	0.9075960153166265	-0.013164855429212733	0.012389258326412399
8,12	0.013057066312601416	0.003342173484646706	9.446858373332072e-05	0.0002751756628443028	0.02583895696235853
8,13	0.00028149964810340444	0.003339069503646935	0.9328166157596578	-0.012488520060213879	0.013051519356420689
9,10	0.009320980278962766	0.003340624135312178	0.005282675045705425	-0.003454985001012323	0.022096945558937854
9,11	-0.0020926981487940574	0.0033417100564588943	0.5311818169679211	-0.014872816452367517	0.010687420154779402
9,12	0.01635462790283718	0.0033401548307220785	9.992502273944087e-07	0.003580457442903492	0.029128798362770866
9,13	-0.0029779497974231238	0.0033390092940295928	0.3724968359465961	-0.015747739238595848	0.009791839643749599
10,11	-0.012042890734687227	0.003339720398014728	0.0003132798359368779	-0.024815399739467392	0.0007296182700929389
10,12	-0.0073251431137934175	0.00333914099134322	0.028289927046350118	-0.020095436221418343	0.005445149993831507
10,13	0.0036002990128276616	0.0033384934824141703	0.2808853113150835	-0.00916751774568975	0.016368115771345074
11,12	-0.010880999731108584	0.003340422001616979	0.0011301201757624398	-0.023656191965997733	0.0018941925037805653
11,13	0.001619462696225323	0.003340413259315585	0.6278277243999026	-0.011155696104390902	0.014394621496841547
12,13	0.0005404627561976642	0.0033389660040543264	0.8714168346320393	-0.012229161125726676	0.013310086638122004
1,2,3	0.005530195874528885	0.003336767430094669	0.09749557541100129	-0.007231019726955544	0.018291411476013313
1,2,4	0.0040041649038712376	0.003342533251799639	0.2309817753996737	-0.008779101648252791	0.016787431455995268
1,2,5	-0.006875391779360043	0.003339140592966015	0.03953013446707363	-0.019645683363421367	0.005894899804701278
1,2,6	-0.0022422671663776435	0.003332807086038605	0.5011065586975736	-0.014988336730442841	0.010503802397687554
1,2,7	0.003937846125824257	0.003333107124765121	0.23747254383809646	-0.008809370913741729	0.016685063165390243
1,2,8	0.0016208712425045222	0.0033334826537135794	0.6268133047339207	-0.011127781979227667	0.014369524464236713
1,2,9	-0.0004188492891014975	0.0033327035486531535	0.8999901902261132	-0.013164522882237871	0.012326824304034877
1,2,10	0.004634670296846581	0.0033327524757919297	0.16438005349136306	-0.008111190414445243	0.017380531008138404
1,2,11	0.0023011225457920236	0.003332971515027628	0.489959380681085	-0.010445575864551498	0.015047820956135546
1,2,12	0.00039519249006060467	0.0033357600613182986	0.9056976510599012	-0.012362170505446697	0.013152555485567905
1,2,13	-0.0020715768066732663	0.003331295084094256	0.5340596311480095	-0.014811863833235945	0.010668710219889412
1,3,4	0.003927825895513337	0.003343683455571047	0.24015665146385168	-0.008859839524263318	0.01671549131528999
1,3,5	0.011525246336406355	0.0033399438186053135	0.0005625417284291623	-0.0012481171235871284	0.02429860979639984
1,3,6	0.0007242096146889512	0.0033330930405064216	0.827997931071358	-0.012022953560690929	0.01347137279006883
1,3,7	-0.0036671837394000924	0.0033356706824009077	0.27164025146852033	-0.016424204911972787	0.009089837433172604
1,3,8	-0.0032660295955450865	0.00333544399346314	0.3275222449913179	-0.016022183813356947	0.009490124622266772
1,3,9	-0.002270137615882004	0.0033343783945460437	0.49600410898517433	-0.015022216530931335	0.010481941299167328
1,3,10	0.00045172290401405426	0.0033325738927690407	0.8921829079624014	-0.01229345482996347	0.013196900637991579
1,3,11	-0.0068486042690263675	0.0033341099664135564	0.04000470534207143	-0.019599656600909825	0.00590244806285709
1,3,12	0.002473843892936963	0.003336447223125855	0.4584404087634437	-0.01028614710112374	0.015233834886997668
1,3,13	0.006494071220596331	0.0033320103193247063	0.05133796417143273	-0.006248951169210198	0.01923709361040286
1,4,5	0.0015418318915746813	0.0033443558134426685	0.6447956714547635	-0.011248404910217913	0.014332068693367275
1,4,6	0.0054206089781549185	0.0033411480300624226	0.1047695247538466	-0.007357359897815522	0.01819857785412536
1,4,7	-0.003575656262731784	0.0033404689407900644	0.28447562913868035	-0.016351028012951397	0.00919971548748783
1,4,8	5.605981249957696e-06	0.003339995286111382	0.9986608496481981	-0.012767954312342261	0.012779166274842178
1,4,9	0.0039112509104627016	0.0033398022282878355	0.24159946240797636	-0.008861571048030821	0.016684072868956224
1,4,10	-0.004398023041968445	0.0033387910311071653	0.1878001063992834	-0.017166977753041077	0.008370931669104187
1,4,11	-0.005383872913982517	0.0033413322429719744	0.1071627696495226	-0.018162546298344573	0.007394800470379538
1,4,12	0.003859214519530303	0.003340673726756216	0.24804162331722207	-0.008916940419185653	0.01663536945824626
1,4,13	0.0016127620980385033	0.003339605514765466	0.6291684580204036	-0.011159307544411641	0.014384831740488647
1,5,6	0.005151125793818273	0.003335203913349389	0.12252178530744422	-0.007604110255689264	0.017906361843325808
1,5,7	0.0008276616875530908	0.003337349205726922	0.8041422658447925	-0.011935778870998441	0.013591102246104624
1,5,8	0.0005524737823782648	0.003336139587637727	0.8684746355879134	-0.012206340682939304	0.013311288247695832
1,5,9	0.0026275740964864878	0.003334094110361068	0.43067073626549923	-0.010123417595119026	0.015378565788092002
1,5,10	-0.0036681573577240856	0.0033348383303190574	0.27139341718808824	-0.01642199526247984	0.009085680547031669
1,5,11	0.0013713697643249832	0.0033368200291879497	0.6810996624420095	-0.011390046998428207	0.014132786527078172
1,5,12	0.009065138886810075	0.003337332108917786	0.006618992246961613	-0.0036982362862832095	0.02182851405990336
1,5,13	-0.0035497257402602603	0.0033346602585508523	0.28714358162854303	-0.01630288262295673	0.00920343114243621
1,6,7	0.0015262772856368388	0.0033323687568029134	0.6469560901985432	-0.01121811592129581	0.014270670492569486
1,6,8	0.0030850689207976164	0.003331680602036848	0.35449003747801355	-0.009656692490086632	0.015826830331681866
1,6,9	-0.0003549423396478691	0.0033306897413144217	0.9151355368608789	-0.013092914278363371	0.012383029599067633
1,6,10	0.001078233498998593	0.0033301045591949776	0.7461119832667238	-0.011657500454796233	0.013813967452793417
1,6,11	-0.0012329688040146702	0.0033321846549440137	0.7113807338140263	-0.013976657927260555	0.011510720319231215
1,6,12	-0.003989848908097491	0.003332494531936199	0.23124942609918295	-0.016734723132549877	0.008755025316354893
1,6,13	0.005322140481158348	0.0033302674861425434	0.11006549589994549	-0.007414216574470433	0.01805849753678713
1,7,8	0.0020146865102763953	0.0033335300568764865	0.5456180774722675	-0.01073414800128037	0.014763521021833162
1,7,9	-0.0008650987323919966	0.0033317680838463497	0.7951405988492541	-0.013607194710864681	0.011876997246080689
1,7,10	-0.00036577424408148324	0.003330642234687528	0.912554697101653	-0.013103564497282191	0.012372016009119224
1,7,11	0.0003216887366897579	0.0033330014011797356	0.9231134872633942	-0.012425123970990494	0.013068501444370011
1,7,12	-0.0003447018174679154	0.003333841801491271	0.9176527737407115	-0.013094728572813082	0.01240532493787725
1,7,13	0.000526902420898604	0.0033309099287065283	0.8743152440148573	-0.012211911607906264	0.013265716449703471
1,8,9	-0.0015305696936146372	0.0033323259519998706	0.6460267630663932	-0.01427479919680351	0.011213659809574237
1,8,10	0.001383818251409457	0.0033313866191701552	0.6778712238558218	-0.01135681884415357	0.014124455346972485
1,8,11	0.0028815575900796165	0.0033328888630241187	0.3872990904922302	-0.009864824723904549	0.015627939904063783
1,8,12	0.0007302361924021346	0.0033332030865243236	0.8265948976736468	-0.012017347845680931	0.0134778202304852
1,8,13	5.499803713499354e-07	0.0033307960978725495	0.999868258410981	-0.012737828710986443	0.012738928671729145
1,9,10	-0.0012115119931153163	0.0033306054934099916	0.7160552987195938	-0.013949161732068645	0.011526137745838013
1,9,11	0.0032752473594771583	0.0033329414383420565	0.32579586303300345	-0.00947133602484876	0.016021830743803075
1,9,12	0.0010663134966170356	0.003330436560334663	0.7488477740720603	-0.011670690170519287	0.013803317163753357
1,9,13	0.00040432528153203995	0.003330004488365285	0.9033629588307995	-0.012331025958915246	0.013139676521979326
1,10,11	0.0029017018393153603	0.0033314410301241706	0.3837828148088539	-0.00983914334684128	0.015642547025472
1,10,12	-0.0005053799871233479	0.0033303659228412393	0.8793894368947458	-0.013242113506488807	0.01223135353224211
1,10,13	-0.002188456405307902	0.003330227817924151	0.5111077247766569	-0.014924661752824555	0.010547748942208751
1,11,12	0.00430164738911405	0.0033314619626444437	0.1966725271004489	-0.00843927785188905	0.01704257263011715
1,11,13	0.000261547614896062	0.0033319533058800165	0.9374352478419208	-0.012481256731287376	0.0130043519610795
1,12,13	0.004549117800016037	0.0033303719953192788	0.17200114794069443	-0.008187638943084104	0.01728587454311618
2,3,4	-0.048242190554909525	0.0033464209931489066	2.039205845764596e-46	-0.06104032548087146	-0.03544405562894759
2,3,5	0.009969743640024599	0.0033439011077543873	0.002879054125467745	-0.002818754174126529	0.022758241454175727
2,3,6	0.0053570519829997595	0.0033350203358328704	0.10825484445945446	-0.007397481988128941	0.01811158595412846
2,3,7	0.009975701760060657	0.0033382212382905094	0.0028153143735081838	-0.0027910738213201836	0.022742477341441497
2,3,8	-0.0006526559743063769	0.003336474359733686	0.8449194714202171	-0.013412750750278911	0.012107438801666157
2,3,9	-0.0074359295821244025	0.003336597869949378	0.025874031030008016	-0.020196496713610006	0.0053246375493612
2,3,10	0.004439485626056411	0.0033354014727122244	0.18322804290871045	-0.008316505974347632	0.017195477226460452
2,3,11	0.006082462048464479	0.0033364103121110954	0.06833976045694626	-0.006677387782201628	0.018842311879130588
2,3,12	0.0030142169175483135	0.0033391366522991	0.36672124345318313	-0.009756059595729333	0.015784493430825962
2,3,13	-0.003387574018511751	0.0033338583232719586	0.30961289054494867	-0.016137663960162193	0.009362515923138692
2,4,5	-0.020595292905963652	0.0033485365854319044	8.169611899271696e-10	-0.03340151875519602	-0.007789067056731283
2,4,6	-0.002225723279804911	0.003342650756816354	0.5055263606464906	-0.015009439221011028	0.010557992661401207
2,4,7	0.012444466666141381	0.0033409874241489786	0.00019709637476547024	-0.0003328879846152058	0.025221821316897968
2,4,8	0.005848368237260299	0.0033421716331456927	0.08018668477063573	-0.006933515331570705	0.018630251806091302
2,4,9	0.007914840565836766	0.003343471466949102	0.017949139770502852	-0.004872014119429205	0.020701695251102735
2,4,10	0.00970687109956856	0.003341724198331028	0.003687568452403492	-0.0030733012885292444	0.022487043487666364
2,4,11	-0.014405051181168181	0.003344020552655019	1.6732846865368845e-05	-0.027194005803341262	-0.0016160965589950994
2,4,12	-0.0011459970819457232	0.003346805683930694	0.7320492706704484	-0.013945603228815065	0.011653609064923617
2,4,13	-0.007845839560486319	0.0033417277579324434	0.018911775927001506	-0.020626025562011513	0.004934346441038873
2,5,6	0.0023513985370015138	0.003338063481650201	0.48119591454810673	-0.010414773715995878	0.015117570789998905
2,5,7	0.004752117576994617	0.003341078012932724	0.15497713110061528	-0.00802558352373928	0.017529818677728515
2,5,8	-0.007948382577354474	0.003338752204384954	0.017310336368987354	-0.020717188798553714	0.004820423643844765
2,5,9	0.003061987422913138	0.003337820788317803	0.358986598621698	-0.009703256667722131	0.015827231513548406
2,5,10	-0.006786255674123352	0.0033383667054484936	0.04211160260332937	-0.01955358758368854	0.0059810762354418345
2,5,11	0.009609075888657385	0.003338682719632767	0.0040134650338282995	-0.0031594645933429866	0.022377616370657757
2,5,12	-0.01960733090206613	0.003340546689264716	4.581321933128674e-09	-0.03238299999546848	-0.006831661808663779
2,5,13	-0.0008101990891934781	0.0033368988297939927	0.80816780120503	-0.01357191721892663	0.011951519040539673
2,6,7	-0.0009726082381997844	0.00333237826025426	0.7703980975368176	-0.013717037790365995	0.011771821313966426
2,6,8	0.0038123298092680603	0.0033323049273470936	0.2526432333438088	-0.008931819286720535	0.016556478905256654
2,6,9	0.004467133428248829	0.003332723274212784	0.1801658268008859	-0.008278615603803975	0.017212882460301632
2,6,10	-0.005048818536446023	0.0033308938252754198	0.12962881276834584	-0.017787570978892053	0.007689933906000009
2,6,11	0.00026725777040740857	0.0033334229961881753	0.9361003437579853	-0.01248116729561424	0.013015682836429055
2,6,12	0.0020699307937529603	0.003334850987497578	0.5348204852168026	-0.010683955517428293	0.014823817104934214
2,6,13	0.001239931679925722	0.0033308452644552015	0.709713085396006	-0.011498635045322583	0.013978498405174025
2,7,8	0.003390847793730563	0.003334431609672977	0.3092287759134184	-0.009361434638561815	0.016143130226022942
2,7,9	-0.0051958223699641835	0.003333435578025412	0.11911518370102625	-0.017944295554274264	0.007552650814345897
2,7,10	-0.0006994815530227733	0.0033332738318606987	0.8337925629495684	-0.013447336151313943	0.012048373045268396
2,7,11	-0.0030052214914930955	0.0033334139098977165	0.3673314084549979	-0.01575361180768156	0.009743168824695371
2,7,12	0.01539304159985711	0.0033365593856278155	4.034552684361816e-06	0.0026326216487594194	0.0281534615509548
2,7,13	-0.003727538711824522	0.0033318389311547086	0.26328153963757106	-0.01646990564048948	0.009014828216840435
2,8,9	0.008073469435438593	0.003333124618415686	0.015453696137435727	-0.004673814507275782	0.020820753378152968
2,8,10	-0.0007981672701789322	0.0033334968286319764	0.8107729974289688	-0.013546874702818412	0.011950540162460548
2,8,11	0.0005926391709589085	0.0033340226087259415	0.8589208001504358	-0.012158079068030915	0.013343357409948733
2,8,12	-0.0051666260030962165	0.00333537577843021	0.12141995010174558	-0.017922519337654833	0.007589267331462398
2,8,13	-0.0016529302719215718	0.0033310002004894534	0.619751058087216	-0.014392089538358003	0.011086228994514858
2,9,10	-0.00026257551409868563	0.003333842064951383	0.9372253829192045	-0.013012603277027197	0.012487452248829828
2,9,11	0.0018755891357437745	0.0033341276947905906	0.5737652684373433	-0.010875530996981768	0.014626709268469316
2,9,12	0.006604703649169336	0.0033356213934586073	0.047738791740167846	-0.0061521290215575935	0.019361536319896268
2,9,13	0.0006538432554533539	0.00333119479926707	0.8443978639166885	-0.0120860602393445	0.013393746750251208
2,10,11	-0.013145509745573134	0.0033347063480365503	8.162288169866879e-05	-0.02589884289403468	-0.0003921765971115869
2,10,12	0.0035573071467213	0.003334884273674511	0.2861478824847566	-0.009196706464935426	0.016311320758378024
2,10,13	0.0007037996020978193	0.0033320221294469627	0.8327197530962234	-0.012039267954631352	0.013446867158826991
2,11,12	-0.0043339568093607745	0.003334981308795763	0.1938020991809496	-0.017088341524526856	0.008420427905805307
2,11,13	0.0036089588070518574	0.003331428756356342	0.27871157348168074	-0.009131839439004585	0.0163497570531083
2,12,13	0.0016703321011396213	0.0033334467926331777	0.6163295727367952	-0.011078183972592809	0.01441884817487205
3,4,5	0.037695730734094296	0.0033513087470759964	4.3257929499331745e-29	0.02487890296154436	0.05051255850664423
3,4,6	0.00047223533588476585	0.0033430957323638817	0.8876712706933549	-0.012313182380772699	0.01325765305254223
3,4,7	0.015749214337156637	0.003345365012017709	2.5550752211732616e-06	0.0029551179314597827	0.02854331074285349
3,4,8	-0.0007531650704670275	0.0033439456817813055	0.8218053598027204	-0.013541833354625325	0.012035503213691269
3,4,9	0.01587037585446414	0.003342334598139087	2.0943472128099636e-06	0.0030878690382957746	0.028652882670632505
3,4,10	0.00395606275039541	0.003341181545831402	0.23644302737296832	-0.008822034304107985	0.016734159804898802
3,4,11	-0.016238964907812365	0.003343528821709869	1.2200149885687785e-06	-0.029026038942039045	-0.0034518908735856856
3,4,12	0.06008013485518603	0.0033479482041485157	2.3226572001761958e-70	0.04727615922583578	0.07288411048453629
3,4,13	0.008016404118979789	0.0033417206238197947	0.01647239747664517	-0.004763754598669153	0.02079656283662873
3,5,6	-5.945245270011588e-05	0.003340382569394936	0.9858004561814876	-0.012834493882027391	0.012715588976627161
3,5,7	0.006803524312463906	0.0033431615862016886	0.04188466457750677	-0.0059821452572339775	0.01958919388216179
3,5,8	0.0035228548358131346	0.0033404551988243094	0.29164508879729906	-0.009252464359293945	0.016298174030920216
3,5,9	-0.003787890776311044	0.0033400754767006864	0.25680458141783047	-0.01656175775276947	0.008985976200147383
3,5,10	0.005535358708200073	0.003338485183678886	0.09735548211935252	-0.007232426312429576	0.018303143728829723
3,5,11	0.004665469664059621	0.0033407355732087162	0.16259859623449788	-0.008110921801753615	0.01744186112987286
3,5,12	0.03133793614961266	0.003343720384132542	9.53042313322285e-21	0.01855012949933524	0.04412574279989008
3,5,13	0.0006033428252576812	0.003337443580459101	0.8565458166206134	-0.012160458662345667	0.01336714431286103
3,6,7	-0.000638661314391039	0.0033345432494339567	0.8481171004630843	-0.013391370704536911	0.012114048075754832
3,6,8	0.0016506964335745728	0.0033340519487637874	0.620544321247771	-0.011100134014179138	0.014401526881328282
3,6,9	-0.004911466415781226	0.0033340952141110783	0.1407704684666131	-0.017662462328595484	0.00783952949703303
3,6,10	0.002093075854543953	0.0033316696864502016	0.5298706956487822	-0.010648643810501688	0.014834795519589593
3,6,11	-0.001882787704436006	0.0033345871634398007	0.5723486043740444	-0.014635665040388183	0.01087008963151617
3,6,12	0.006040610410784895	0.0033355411294458035	0.07018842794586837	-0.0067159152962731885	0.018797136117842977
3,6,13	-0.0008496799461319593	0.0033315515701543294	0.7986998414999822	-0.013590947884304436	0.011891587992040516
3,7,8	-0.021059641315511576	0.003336416362855814	2.9305886122744226e-10	-0.033819514286794916	-0.008299768344228233
3,7,9	0.005616364689288198	0.0033358559707388235	0.09229905394159824	-0.007141365104570854	0.018374094483147252
3,7,10	-0.011846255016247748	0.00333422963874191	0.0003836161882566947	-0.024597765025933343	0.000905254993437847
3,7,11	-0.0003641499855106204	0.0033360377930958043	0.9130817043053194	-0.013122575145273114	0.012394275174251873
3,7,12	0.00920706433607838	0.0033390169779994347	0.00584186937209274	-0.003562754491857995	0.021976883164014756
3,7,13	0.008577813375504041	0.0033332951698732227	0.010092687165654072	-0.004170122828408146	0.02132574957941623
3,8,9	0.0008384787421337637	0.003336044799254889	0.8015596464801525	-0.011919973212156215	0.013596930696423743
3,8,10	0.00047107028572381643	0.003334262768541751	0.8876516857906466	-0.012280566426384846	0.013222706997832479
3,8,11	-0.004470955371371613	0.003335298665514453	0.18012979116333952	-0.01722655379339459	0.008284643050651368
3,8,12	0.007146140845247665	0.0033372235131993964	0.03228256083497433	-0.005616819011703636	0.019909100702198965
3,8,13	-0.0026480325139345423	0.0033319975112575716	0.42679992515129306	-0.015391005920253439	0.010094940892384354
3,9,10	-0.0024520612247882	0.0033329524536124	0.46193772162125535	-0.015198686736185517	0.010294564286609116
3,9,11	-0.009786442101233259	0.003335432525469793	0.003356745702211923	-0.02254255246056871	0.0029696682581021906
3,9,12	0.00204116595128664	0.0033354393607480342	0.5405830371636531	-0.010714970549055385	0.014797302451628667
3,9,13	-0.002007300098843553	0.003331730857987933	0.5468754086461307	-0.0147492537098258	0.010734653512138693
3,10,11	0.00208506804687312	0.0033326094690826554	0.5315618565101485	-0.010660245746035048	0.014830381839781286
3,10,12	-0.0027908121751946562	0.0033349373267235077	0.4027119969045435	-0.01554502868423957	0.009963404333850259
3,10,13	-0.0014594125091497714	0.003330774909973623	0.6612844772232394	-0.014197710168984688	0.011278885150685146
3,11,12	-0.0007151975297279142	0.003335856289401691	0.830244057627173	-0.01347292854228909	0.01204253348283326
3,11,13	0.0019965872941215394	0.0033319947851464245	0.5490486979924909	-0.010746375686390695	0.014739550274633773
3,12,13	0.0019126869109297516	0.003333649334485021	0.5661552271697163	-0.010836603768852947	0.01466197759071245
4,5,6	-0.0003596485094113167	0.0033432762632406234	0.9143371220278127	-0.013145756652803365	0.012426459633980733
4,5,7	0.0033023847834823717	0.0033455714099801443	0.32363369497292493	-0.009492500975669144	0.016097270542633886
4,5,8	0.010257095921658192	0.003343667881444475	0.0021663877539833828	-0.002530509936044943	0.023044701779361326
4,5,9	0.0071643921020560376	0.003342607995766087	0.03212080882746839	-0.0056191603027355	0.019947944506847573
4,5,10	0.013198139496809059	0.00334237369896121	7.937621166443304e-05	0.00041548314249284166	0.025980795851125275
4,5,11	-0.015022970795793757	0.003344939953458457	7.200003928694209e-06	-0.027815441597060123	-0.0022304999945273914
4,5,12	0.030506298677331924	0.003347106295861354	1.0307525823687116e-19	0.017705542862785736	0.04330705449187811
4,5,13	0.0035548892000727052	0.003342055108144491	0.28751062757787377	-0.009226548727671693	0.016336327127817102
4,6,7	-0.0003469159917075075	0.003339287127733216	0.9172603771585749	-0.01311776798694418	0.012423936003529165
4,6,8	0.002081716505385505	0.003341266275626159	0.5332846932807749	-0.010696704591833306	0.014860137602604316
4,6,9	-0.0026713132854236346	0.003340419812205579	0.4239167038892352	-0.015446497147073864	0.010103870576226595
4,6,10	0.0032546609932041165	0.0033389809303628983	0.3297212770172635	-0.009515019973262616	0.01602434195967085
4,6,11	0.002854903918132945	0.0033414561791720023	0.3929201389338346	-0.009924243450887172	0.01563405128715306
4,6,12	-0.0043129661906044425	0.003341735876881781	0.19687457303621553	-0.01709318324243959	0.008467250861230704
4,6,13	-0.00012642190803934233	0.003339985588779499	0.9698075888845357	-0.012899945114916496	0.012647101298837813
4,7,8	-0.011575003550300656	0.0033413064503848063	0.0005351309271502804	-0.024353578292856632	0.0012035711922553198
4,7,9	0.009449555523197192	0.0033399586821239577	0.004679777607049587	-0.0033238647812033374	0.022222975827597722
4,7,10	-0.0007385860663944683	0.003339054362956876	0.8249464663889403	-0.013508547870283515	0.01203137573749458
4,7,11	0.001650773566516471	0.0033410973453387263	0.6212650933886048	-0.011127001469547431	0.014428548602580372
4,7,12	0.004940197596341749	0.0033413224779337268	0.13931710784887047	-0.00783843844236735	0.01771883363505085
4,7,13	0.00034271115592067274	0.0033384575308291905	0.9182394532759809	-0.012424968108469037	0.013110390420310383
4,8,9	0.0024926036881544795	0.0033408113099097614	0.45562894081029914	-0.01028407742696493	0.015269284803273888
4,8,10	-0.004910427701907755	0.0033402003516659388	0.14158198527554203	-0.017684772253261104	0.007863916849445596
4,8,11	0.0026395710446068974	0.003340986912267539	0.4295224477245091	-0.010137781648497695	0.015416923737711488
4,8,12	0.0010088309599913562	0.003341603590605829	0.7627375329662083	-0.01177088017294956	0.013788542092932272
4,8,13	-0.0005168892398213954	0.0033390984690367742	0.8769844390025237	-0.013287019724089494	0.012253241244446704
4,9,10	-0.0007575719876810327	0.0033397990970898757	0.8205616501690975	-0.013530381971143902	0.012015237995781837
4,9,11	0.008001908386838839	0.003340651043079615	0.016633586530888284	-0.004774159799865237	0.020777976573542915
4,9,12	-0.010687986603509161	0.003340494180678623	0.0013830085499311185	-0.02346345488178067	0.002087481674762347
4,9,13	0.002605766846360671	0.0033395583072870277	0.4352579941007837	-0.010166122254645402	0.015377655947366745
4,10,11	0.005644866010053762	0.003339758638578332	0.09103616181846419	-0.007127789242880373	0.018417521262987895
4,10,12	0.0020986668197882103	0.00333886897513612	0.5296611962346691	-0.010670585982349854	0.014867919621926275
4,10,13	0.000667797997442281	0.003337611550504721	0.8414220910422867	-0.01209664587894352	0.013432241873828082
4,11,12	0.013204313777991536	0.0033414573288727974	7.841244350932866e-05	0.0004251620120273615	0.02598346554395571
4,11,13	0.001302967664608763	0.003341290464453076	0.6965790322929317	-0.011475545940955897	0.014081481270173422
4,12,13	-0.005301831620085647	0.0033395207370369366	0.11242372016830587	-0.01807357703650127	0.007469913796329978
5,6,7	-0.005193737079371074	0.0033373408435588355	0.11969615029232257	-0.017957145657440873	0.007569671498698725
5,6,8	-0.00011390644445874367	0.0033358305389259405	0.9727614697424021	-0.012871538976265785	0.012643726087348296
5,6,9	0.00036934333975442994	0.003335228185271275	0.9118258224028652	-0.012385985535889401	0.013124672215398262
5,6,10	-0.0028699869356877622	0.0033339798669971654	0.3893631606911674	-0.015620541712156592	0.00988056784078107
5,6,11	0.0007997479625260751	0.003335986302306248	0.8105441741044934	-0.011958480274591739	0.013557976199643888
5,6,12	0.0004644142797154971	0.0033381717619594465	0.8893576791729705	-0.012302172083165374	0.013231000642596368
5,6,13	-0.002053037124808717	0.0033334772543904124	0.5379917721171199	-0.01480166969723631	0.010695595447618878
5,7,8	-0.006389043409852069	0.0033375613760170657	0.05562657243244985	-0.01915329539769062	0.0063752085779864845
5,7,9	0.008024030530323155	0.0033377823829079277	0.016243900910113997	-0.004741066681716002	0.02078912774236231
5,7,10	-0.0017325505799025125	0.0033366886235608774	0.6036088940618145	-0.014493464791736752	0.011028363631931727
5,7,11	-0.0018234397315492947	0.0033376400020386867	0.5848601252731882	-0.014587992418682843	0.010941112955584253
5,7,12	0.006097237126360658	0.00333910909187871	0.06789394019154159	-0.006672933984165963	0.01886740823688728
5,7,13	-0.0026939415504779085	0.0033362695400049784	0.4194239051495845	-0.01545325300883175	0.010065369907875934
5,8,9	0.005430999592456985	0.0033354185113961335	0.10351255882264855	-0.007325057171109754	0.018187056356023724
5,8,10	0.0021209339366530526	0.0033351022695311604	0.5248356263581271	-0.010633913383730821	0.014875781257036926
5,8,11	0.0026163160448962617	0.0033362284253071043	0.43294262087132285	-0.010142838173393669	0.015375470263186194
5,8,12	0.001703162356516523	0.0033376744982251	0.6098693268323407	-0.011061522258682578	0.014467846971715622
5,8,13	0.002621836328948634	0.003334576132018703	0.4317444767375256	-0.010130998818164802	0.015374671476062071
5,9,10	-0.005936939374096881	0.0033339023483760877	0.07499432891039962	-0.01868719768644065	0.006813318938246887
5,9,11	0.0005050467324617524	0.003335394910532163	0.8796487083883028	-0.012250919771379123	0.013261013236302629
5,9,12	-0.006491930292512792	0.003336124097495672	0.05170277361712194	-0.019250685516949296	0.0062668249319237125
5,9,13	0.003389510484808358	0.0033334887835421577	0.3092827987616185	-0.00935916617999133	0.016138187149608046
5,10,11	-0.0037133153012972966	0.0033351583275473594	0.26558329610186443	-0.01646837701133999	0.009041746408745398
5,10,12	0.009103646964414673	0.0033358967655102113	0.006369441737083338	-0.0036542388459735488	0.021861532774802895
5,10,13	-0.0014852699396548123	0.0033338412274932718	0.6559634779075667	-0.014235294499787884	0.011264754620478257
5,11,12	-0.0035689436422051946	0.003337659437287705	0.2849753739137035	-0.01633357065798411	0.009195683373573722
5,11,13	0.005789467587488637	0.003334519267937169	0.08257074035477871	-0.006963150087229844	0.018542085262207117
5,12,13	-0.003650180478657021	0.003334931468574727	0.2737624566001896	-0.01640437458365335	0.00910401362633931
6,7,8	-0.0037078901613242705	0.003332183366709552	0.26585558048601826	-0.016451574357814528	0.009035794035165988
6,7,9	-0.00402613751483154	0.0033316006120874355	0.22690965652288006	-0.01676759301018173	0.008715317980518653
6,7,10	0.0009444665070147372	0.0033304188644368805	0.7767350236759676	-0.011792469483493951	0.013681402497523426
6,7,11	0.0006192170107694906	0.003330883352950995	0.852527480087574	-0.012119495381060899	0.013357929402599882
6,7,12	-0.001511712618989704	0.0033320359374531825	0.6500664834239381	-0.01425483298339819	0.011231407745418783
6,7,13	0.0011597818886824535	0.003329795143147511	0.7276226928674387	-0.011574768726754215	0.01389433250411912
6,8,9	-0.001524809815054889	0.003331796882001171	0.6472160492701722	-0.014267015929900664	0.011217396299790888
6,8,10	-0.005673729687387863	0.0033308395174172427	0.08854115376437889	-0.01841227443352255	0.007064815058746823
6,8,11	-0.0009031643883174957	0.0033321639550823183	0.7863652828543024	-0.01364677434650212	0.011840445569867129
6,8,12	0.003353820982050745	0.003332433661061282	0.31425114137451643	-0.009390820446327315	0.016098462410428803
6,8,13	-0.0006577098052845437	0.0033306461979139513	0.8434641147526798	-0.013395515215546066	0.012080095604976979
6,9,10	0.0024270395559698272	0.0033311450480901445	0.466278011103061	-0.010312673669200766	0.015166752781140422
6,9,11	8.689250674674687e-05	0.0033321530932578394	0.9791967153952066	-0.012656675911208627	0.01283046092470212
6,9,12	0.0019205559531301644	0.003332767698621009	0.5644558412652267	-0.01082536297672439	0.014666474882984719
6,9,13	0.0009604954164573176	0.003330999851012644	0.7730874419553725	-0.011778662513431388	0.013699653346346022
6,10,11	-0.00507675419654428	0.0033308056813682	0.12751073111136463	-0.017815169539259046	0.007661661146170486
6,10,12	-0.006104542254167268	0.003329397850818207	0.06676878386303693	-0.01883757345502762	0.006628488946693083
6,10,13	0.005644188550699817	0.003329375926861608	0.09007111098014693	-0.007088758803640554	0.018377135905040188
6,11,12	-0.0013058777539290917	0.00333202400511416	0.6951318833440996	-0.014048952484006122	0.011437196976147939
6,11,13	-0.0026085051223685464	0.003331450142564079	0.43365854198036324	-0.015349385158364967	0.010132374913627874
6,12,13	-0.00768337079793762	0.0033301050649391546	0.02107164809028723	-0.02041910668591294	0.0050523650900377
7,8,9	-0.005831839400840497	0.0033323969492855855	0.0801568750833056	-0.01857634042779874	0.0069126616261177476
7,8,10	-0.002398571160439068	0.0033325054959561238	0.4717041340585951	-0.015143487315959485	0.010346344995081351
7,8,11	-0.0013361896061483492	0.0033322457709867854	0.6884420368649082	-0.014080112463094548	0.011407733250797848
7,8,12	-0.012502567612313614	0.0033332118473540675	0.00017769171691316626	-0.025250185155529882	0.0002450499309026525
7,8,13	-0.0031712201303299363	0.003331582167684282	0.3411994408004455	-0.015912605086450104	0.009570164825790232
7,9,10	-0.007325461596153599	0.0033314555774966695	0.027920923932085652	-0.020066362417640177	0.005415439225332977
7,9,11	-0.004708953099382882	0.003332733774530621	0.15772008303364723	-0.017454742289110023	0.00803683609034426
7,9,12	-0.0036659418940725814	0.0033325530968741192	0.27135443520082386	-0.01641104009571701	0.009079156307571844
7,9,13	0.005921384293005696	0.0033303477822761397	0.07544819725259952	-0.006815279849135483	0.018658048435146873
7,10,11	0.001320337009016347	0.003331960446849601	0.691922749677331	-0.011422494647267174	0.014063168665299866
7,10,12	0.0010300524858851041	0.0033313787420337754	0.7571813099903486	-0.011710554484163404	0.013770659455933613
7,10,13	-0.0019562575281143173	0.003330484878491982	0.5569689785414371	-0.014693445984402396	0.010780930928173761
7,11,12	0.004419753636236617	0.0033324230881349066	0.18478971850847398	-0.008324847356781219	0.017164354629254454
7,11,13	-0.001365149532236747	0.0033318658014158684	0.6820206884341669	-0.01410761922419076	0.011377320159717265
7,12,13	-0.0011919450739613273	0.0033310148157493277	0.7204800726956984	-0.013931160235357846	0.01154727008743519
8,9,10	0.0008433694530212896	0.0033314153583896043	0.8001550942617088	-0.01189737755352094	0.013584116459563518
8,9,11	-0.00043988085136217664	0.003334477907078036	0.8950523787808424	-0.013192340344591562	0.012312578641867208
8,9,12	0.004255235682084338	0.0033325509288583614	0.20169252426066872	-0.008489854228147188	0.017000325592315867
8,9,13	-0.007067260789600158	0.0033308598758089157	0.03389534110990276	-0.019805883394869737	0.005671361815669419
8,10,11	-0.0010470070886555761	0.0033321920125713453	0.7533716108886723	-0.013790724350592773	0.011696710173281619
8,10,12	-0.004521431308537818	0.003330547482664726	0.17464808130209794	-0.017258859189767155	0.008215996572691517
8,10,13	0.0006681313792801127	0.003331090399451537	0.8410375209938173	-0.012071372846290057	0.013407635604850284
8,11,12	-0.002882888071622922	0.003332316609187021	0.38699844017069884	-0.01562708184392806	0.009861305700682214
8,11,13	0.0004141598524967621	0.003330891701780642	0.9010505963676869	-0.012324584468803506	0.013152904173797029
8,12,13	-0.001728353317197356	0.0033305188359271168	0.6038169232174778	-0.014465671641137316	0.011008965006742606
9,10,11	0.004479949115744447	0.0033313019854898816	0.17873425406160615	-0.008260364304685762	0.017220262536174657
9,10,12	-0.005797981078872751	0.003331096335732378	0.08180650195273786	-0.01853750800730168	0.006941545849556179
9,10,13	-0.0016812728037134744	0.003330364642378275	0.6136939315662666	-0.014418001426044814	0.011055455818617863
9,11,12	0.0033028298617053284	0.0033318405437911375	0.3215785991351282	-0.009439543234366134	0.01604520295777679
9,11,13	-0.0034077292405651767	0.003331089868702948	0.30634155810344227	-0.01614723143632736	0.009331772955197007
9,12,13	0.0015996385381614945	0.0033288257324858247	0.6308582671402592	-0.011131204639247404	0.014330481715570394
10,11,12	0.006313100122363431	0.00332970549597637	0.058004148779478654	-0.0064211076442223765	0.01904730788894924
10,11,13	0.0025645459084118437	0.0033307773809092217	0.44135439600418347	-0.01017376120133008	0.015302853018153767
10,12,13	-0.004236670246588139	0.00332949423207122	0.20325180839454776	-0.016970070050288038	0.008496729557111758
11,12,13	0.003075568253064079	0.0033303646180410616	0.35578383223425547	-0.00966116027619142	0.01581229678231958
