Params:	92
Performance_R2:	0.7801688825318456
Alpha:	0.05
Alpha_Bonf:	0.0005434782608695652
Term	Coefficient	StdErr	p_value	CI_lower	CI_upper
Intercept	9.107761491787258	0.0036359027412247533	0.0	9.095181368939153	9.120341614635363
1	-0.007062345394583111	0.0036301349726469835	0.05175784720675941	-0.01962251192305212	0.005497821133885896
2	-0.07224880593510029	0.0036324176159533207	1.1634494082182668e-85	-0.08481687034622895	-0.05968074152397162
3	0.1550486495479619	0.003634131984267169	0.0	0.14247465346991856	0.16762264562600526
4	0.3805763169156018	0.003634551446290068	0.0	0.3680008695105693	0.39315176432063426
5	0.2616001559839857	0.0036340603914505206	0.0	0.2490264076151064	0.27417390435286504
6	0.013971559579750421	0.0036308932464900385	0.00012016926984254061	0.0014087694447723672	0.026534349714728477
7	0.10373792442735832	0.0036312723021087083	8.180790369761948e-170	0.09117382277043139	0.11630202608428526
8	-0.03300463164262782	0.0036309614189923233	1.2738979178822513e-19	-0.045567657652576865	-0.020441605632678776
9	0.012279714658133841	0.0036308906136445426	0.000723543890982286	-0.0002830663672716699	0.024842495683539353
10	-0.006310595509786109	0.003630049188080156	0.08217895030940085	-0.018870465226028286	0.006249274206456069
11	0.00452233173706374	0.0036311650396844176	0.2130187972038538	-0.008041398794844022	0.017086062268971504
12	0.18582502106729895	0.003630757014638377	0.0	0.17326270229075694	0.19838733984384097
13	0.022296705372046418	0.003629846688921273	8.566245929195853e-10	0.009737536297289092	0.03485587444680374
1,2	-0.003273661378239938	0.003623520172066135	0.3663196079197678	-0.01581094087978733	0.009263618123307454
1,3	-0.0025369062298734504	0.0036240410614531635	0.48393739907261335	-0.015075987994282496	0.010002175534535595
1,4	-0.0014344963719663995	0.0036299587070058913	0.69272029990943	-0.013994053026196007	0.011125060282263208
1,5	-0.005840841519335978	0.0036253027537929672	0.1071963827942918	-0.018384288704318925	0.0067026056656469685
1,6	-0.003461632348530906	0.0036212637144485676	0.339146771567004	-0.015991104569177	0.009067839872115189
1,7	-0.003422849448201994	0.003622345370884074	0.3447293699972208	-0.015956064170176254	0.009110365273772264
1,8	0.0004610933191110337	0.0036218272505695267	0.8986990611540384	-0.012070328720915714	0.012992515359137782
1,9	0.0004001503338869328	0.003621711312400516	0.9120267204357777	-0.01213087056328404	0.012931171231057904
1,10	0.002348163392469675	0.0036216692790528283	0.5167703752025254	-0.01018271207048172	0.01487903885542107
1,11	0.007159230053198877	0.003622730950847815	0.04817197819329647	-0.005375318764777632	0.019693778871175384
1,12	-0.0016956517987204048	0.003621459445141832	0.639639584217458	-0.014225801242147652	0.010834497644706842
1,13	-0.0025469955071575007	0.0036210957047969404	0.48184440205745793	-0.015075886419059228	0.009981895404744229
2,3	0.06979780268910914	0.0036256470822776323	1.6799231263769931e-80	0.057253164137099764	0.0823424412411185
2,4	0.029124288336389175	0.0036320049270404664	1.2438383225671266e-15	0.01655765181747635	0.041690924855302
2,5	0.04789221007527243	0.0036283374102313087	2.619550094986429e-39	0.03533826306300773	0.06044615708753713
2,6	-0.0008684079331307232	0.003622580679337729	0.8105537845825912	-0.013402436815841632	0.011665620949580185
2,7	-0.0028033136227061254	0.003623215783111911	0.43912940071320206	-0.015339539946896949	0.0097329127014847
2,8	-0.004709243644535681	0.003622953222751337	0.1937004544012342	-0.01724456151714621	0.007826074228074846
2,9	-0.001964457217498447	0.0036229026967695634	0.5876754360816989	-0.014499600271610525	0.01057068583661363
2,10	0.0021001006214439507	0.0036229366923147613	0.5621573008332099	-0.010435160056313566	0.014635361299201467
2,11	0.007586891312196118	0.0036228787076196924	0.03628179693592706	-0.004948168740121392	0.020121951364513627
2,12	0.024285206034811737	0.0036255311469683238	2.272261627765531e-11	0.011740968615763651	0.03682944345385982
2,13	0.007479098353389231	0.0036216141145746354	0.038947872755373904	-0.005051586241994489	0.020009782948772953
3,4	-0.09932618868653922	0.0036334805503529374	2.3329687974890766e-156	-0.11189793082127007	-0.08675444655180838
3,5	-0.048697831179207715	0.0036300380022712053	1.568793115388216e-40	-0.06125766219286053	-0.0361380001655549
3,6	-0.011659004187219147	0.0036240549928046677	0.0013008039766308436	-0.024198134153718798	0.0008801257792805037
3,7	-0.030646055966666003	0.003625962953890469	3.4589214807964414e-17	-0.04319178742571292	-0.018100324507619087
3,8	0.004475473120330955	0.0036243943928007316	0.2169394378332601	-0.008064831160760975	0.017015777401422884
3,9	-0.019488461242341323	0.0036236620820575007	7.772489151949303e-08	-0.032026231748530976	-0.006950690736151668
3,10	-0.015025698159311759	0.0036230268500103083	3.404606914146259e-05	-0.02756127078020043	-0.002490125538423085
3,11	0.017265454377702372	0.003624520246271215	1.9411246905830796e-06	0.004724714647086013	0.02980619410831873
3,12	-0.08970661035337617	0.003626317384441353	1.493895110635423e-129	-0.10225356813231902	-0.07715965257443332
3,13	-0.009808187417255167	0.003622784412323565	0.006798629283504857	-0.022342921210458035	0.0027265463759477
4,5	-0.09643864293344803	0.003633088704333639	5.8521940181474696e-148	-0.10900902929179784	-0.08386825657509822
4,6	-0.004360260456545278	0.003630511485473966	0.22979043243484507	-0.016921729708974313	0.00820120879588376
4,7	-0.02992537881335713	0.0036296143415421598	1.9614129571424783e-16	-0.042483743972613765	-0.017367013654100497
4,8	0.018217842297636424	0.0036300867725571695	5.335216777111861e-07	0.005657842540144063	0.030777842055128783
4,9	0.000988732488883684	0.003630294224063246	0.7853563819130707	-0.011571985045077742	0.01354945002284511
4,10	-0.0006568816225123745	0.0036295371658067693	0.8563868284118255	-0.013214979755860671	0.011901216510835921
4,11	-0.015735597510453305	0.0036310992172188432	1.4878334465252646e-05	-0.028299100298452052	-0.0031720947224545583
4,12	-0.0706980616722235	0.0036314640461466764	3.083759088201336e-82	-0.08326282675821461	-0.0581332965862324
4,13	-0.014167050841150969	0.0036289714236904798	9.556077004722684e-05	-0.026723191522435828	-0.00161091015986611
5,6	0.002343438951795314	0.003625384114802284	0.5180433678711922	-0.010200289740027913	0.014887167643618542
5,7	-0.02289764934076028	0.0036272949237040036	2.9129384247406265e-10	-0.035447989378495026	-0.010347309303025532
5,8	0.003481893986828839	0.0036256591260753067	0.3369136019799014	-0.009062786236387132	0.01602657421004481
5,9	-0.009561604582650662	0.003624921495371845	0.008364629643224677	-0.022103732624049206	0.0029805234587478822
5,10	-0.006192680510006492	0.0036250151185165	0.08762193973780408	-0.01873513248489419	0.006349771464881206
5,11	0.012800340371652863	0.0036258406033423327	0.00041776336779772536	0.0002550322421160118	0.025345648501189713
5,12	-0.08897891162951542	0.003627733379861913	1.7627632742022284e-127	-0.1015307687134207	-0.07642705454561013
5,13	-0.0033974769329968083	0.0036241794641302	0.3485611635029795	-0.015937037566837613	0.009142083700843998
6,7	-0.0025252886053542725	0.003621738516062888	0.4856642631506677	-0.015056403626444094	0.010005826415735549
6,8	-0.0016864298744367738	0.003622052984149919	0.6415160466191606	-0.0142186329464037	0.010845773197530151
6,9	0.0010820721172110023	0.0036226104045520304	0.7651782329931139	-0.011452059613918637	0.013616203848340643
6,10	0.003391906074902397	0.0036208492641151323	0.3489090113914173	-0.009136132159061398	0.01591994430886619
6,11	-0.001442220624744607	0.0036228272738110436	0.6905741866075539	-0.013977102717507807	0.011092661468018591
6,12	-0.0041245873197758055	0.0036215567725939248	0.254784572593376	-0.01665507351349341	0.0084058988739418
6,13	0.005939564858226976	0.003620574450920624	0.10094581787338688	-0.006587522529690251	0.018466652246144202
7,8	0.029005381582456347	0.0036226624246304636	1.371725677881553e-15	0.01647106986329517	0.041539693301617525
7,9	-0.011975555179748642	0.0036217826279844275	0.0009493677155486781	-0.024506822826866035	0.0005557124673687512
7,10	8.763099753265977e-05	0.003622296171203921	0.9807000643980556	-0.012445413494910046	0.012620675489975367
7,11	-0.00939279366386166	0.0036220754061057183	0.009528480280736894	-0.021925074315175045	0.003139486987451725
7,12	-0.025400971745938285	0.003622632352823325	2.575557162533362e-12	-0.037935179417479106	-0.012866764074397461
7,13	-0.0024893301225208018	0.0036207692468680124	0.4917817401485999	-0.015017091499024323	0.010038431253982719
8,9	-0.0002747830913571608	0.0036224744119975213	0.9395365785790187	-0.012808444292012276	0.012258878109297955
8,10	-4.784785865718285e-05	0.003621869019574299	0.9894599769696624	-0.012579414418284338	0.01248371870096997
8,11	-0.000410540580870717	0.00362225505409073	0.909765552949965	-0.012943442809239846	0.012122361647498412
8,12	0.013176716952937794	0.003621932125460843	0.00027671858860768106	0.0006449320486898776	0.025708501857185713
8,13	0.000959904042633702	0.0036212782697135426	0.7909608916252604	-0.011569618538826338	0.01348942662409374
9,10	0.009412797778586173	0.0036218154970326204	0.009371610611599069	-0.0031185835945281987	0.021944179151700546
9,11	-0.0029250216392612727	0.0036224711441420173	0.4194258114798244	-0.015458671533226795	0.00960862825470425
9,12	0.01639865329511432	0.0036208895342117156	6.0281245793113204e-06	0.0038704757277309657	0.028926830862497678
9,13	-0.002306474857339595	0.003620974252398435	0.5241612627786882	-0.01483494554730412	0.010221995832624932
10,11	-0.01190865743291324	0.0036215521725539586	0.001013049554390955	-0.024439127710619884	0.0006218128447934047
10,12	-0.006247919318585647	0.0036216193622461536	0.08454081776690757	-0.018778622070767574	0.006282783433596279
10,13	0.004236988554902383	0.003620806366991793	0.24196943082914318	-0.008290901256201988	0.016764878366006757
11,12	-0.01222164162841099	0.003621526093134825	0.0007429518272383711	-0.024752021672049273	0.0003087384152272929
11,13	0.0020531908472247833	0.0036217504851896484	0.5707965999023823	-0.01047796558671234	0.014584347281161907
12,13	0.0004601730963513155	0.003620308500164823	0.8988579604372975	-0.012065994109311973	0.012986340302014603
