Params:	14
Performance_R2:	0.6387993802016421
Alpha:	0.05
Alpha_Bonf:	0.0035714285714285718
Term	Coefficient	StdErr	p_value	CI_lower	CI_upper
Intercept	9.116722290360944	0.004623699546667877	0.0	9.103245542820385	9.130199037901502
1	-0.006139449505802088	0.004612894542129576	0.18325455363913212	-0.01958470358168623	0.007305804570082052
2	-0.06935371805562289	0.004613715190729166	2.7252263296787077e-50	-0.08280136408493838	-0.0559060720263074
3	0.14836401145133973	0.004615628322262822	1.2800829465869386e-211	0.13491078919665953	0.16181723370601994
4	0.3729586548944238	0.004622384894559253	0.0	0.35948573918471705	0.3864315706041306
5	0.2565739703842222	0.004616620211745964	0.0	0.2431178570584381	0.2700300837100063
6	0.012107252819666762	0.004612488335578506	0.008686591841646444	-0.0013368172815488594	0.025551322920882386
7	0.10188115614341141	0.004613228081514418	1.5079038396983958e-104	0.08843492989664138	0.11532738239018143
8	-0.03151634109712085	0.004612580513685476	9.03242101761298e-12	-0.044960679870871066	-0.018072002323370633
9	0.010269961151442082	0.004612783740510887	0.026018137443973636	-0.003174969969754563	0.023714892272638725
10	-0.007500704494432535	0.004612472222280567	0.10395649270877211	-0.020944727630042764	0.005943318641177692
11	0.005669706401255314	0.004613382418442756	0.21912440840633834	-0.0077769696930444655	0.01911638249555509
12	0.17869174690172382	0.004612404530781967	9.589568340295636e-298	0.16524792106726346	0.19213557273618417
13	0.0217522295689831	0.0046120395356568184	2.4468959270105684e-06	0.00830946758979828	0.03519499154816792
