Params:	92
Performance_R2:	0.3554338068816102
Alpha:	0.05
Alpha_Bonf:	0.0005434782608695652
Term	Coefficient	StdErr	p_value	CI_lower	CI_upper
Intercept	2.1252779411464586	0.06492074537104696	1.1470826504842978e-214	1.9006245829051156	2.3499312993878014
1	-0.09380848607310681	0.065548518460181	0.15245040920892813	-0.3206342058898054	0.13301723374359176
2	-0.024501927328147804	0.047687305328912966	0.6074099701653457	-0.18952026201286282	0.14051640735656723
3	-0.48931557512729446	0.048264990135025235	6.110140856633194e-24	-0.6563329446498936	-0.3222982056046954
4	-0.2447994018980429	0.04778600499730893	3.114035121509718e-07	-0.4101592793644332	-0.07943952443165259
5	-0.08218427531036404	0.047615820345891326	0.08440673388331847	-0.246955241585985	0.08258669096525692
6	0.10256111271702605	0.04764980043749639	0.03141036278118082	-0.06232743911077544	0.26744966454482755
7	-0.10263017200524566	0.05198433347691798	0.04840374605274362	-0.2825180495208325	0.07725770551034117
8	-0.16469858386770664	0.052160505136044935	0.0015998198609385491	-0.34519609016410335	0.01579892242869005
9	-0.07376514789766235	0.0526451236634851	0.1612182864069971	-0.25593964017185655	0.10840934437653187
10	-0.04023429343654924	0.051983131144755945	0.4389719135284096	-0.2201180103720876	0.13964942349898912
11	-0.0261856787829297	0.05184874931282253	0.6135514406031881	-0.2056043774926618	0.15323301992680238
12	-0.010153952695605444	0.0524412750394691	0.8464766089041658	-0.19162304213290468	0.17131513674169377
13	-0.00011511079227908132	0.05221952020254227	0.998241255055665	-0.18081683428919756	0.1805866127046394
1,2	0.02852554543390255	0.045385348847030924	0.529690588521293	-0.12852704191959252	0.1855781327873976
1,3	-0.16951736207293458	0.04550418079420071	0.00019705423989848736	-0.3269811584451412	-0.012053565700727964
1,4	-0.0048229728200989575	0.045396784752705435	0.9153955414982409	-0.1619151332653635	0.15226918762516556
1,5	0.034942207317806555	0.04533335041966405	0.4408687200895923	-0.12193044338732636	0.1918148580229395
1,6	-0.031519894439146406	0.04528341287477418	0.4864221512546666	-0.1882197400247799	0.12517995114648708
1,7	-1.2543346796467621e-16	4.671041806044762e-17	0.007267597803593087	-2.870713577048724e-16	3.620442177551995e-17
1,8	3.0360946195023794e-17	3.946137685140965e-17	0.44169896714268364	-1.0619218146592264e-16	1.6691407385597024e-16
1,9	-1.600885808827345e-16	3.394105467224472e-17	2.4575169643046874e-06	-2.7753904869226386e-16	-4.263811307320515e-17
1,10	9.189693939199795e-17	4.9245898446307476e-17	0.06208365975068433	-7.85147895914627e-17	2.623086683754586e-16
1,11	-3.447519408243096e-17	4.375962017098986e-17	0.4308298687890326	-1.8590206958412157e-16	1.1695168141925965e-16
1,12	2.2324283482834203e-16	4.9771913236263666e-17	7.430766095960555e-06	5.101087121305639e-17	3.9547479844362764e-16
1,13	-1.9051907353593382e-16	4.3085605256087346e-17	9.976004985795758e-06	-3.396135711009236e-16	-4.1424575970944034e-17
2,3	-0.10124598010999533	0.022027340013624004	4.396481573911528e-06	-0.17746993408498246	-0.025022026135008188
2,4	0.13494844948955492	0.021999993239701986	9.174663704018341e-10	0.05881912696963712	0.21107777200947273
2,5	0.03286557233406301	0.021933645086177657	0.13408518890151316	-0.04303415738901978	0.1087653020571458
2,6	-0.013964761134138004	0.021917616538740147	0.5240554622115643	-0.0898090252739317	0.061879503005655694
2,7	-0.021677771023543298	0.030354197142820304	0.47515861483663946	-0.12671618803308585	0.08336064598599927
2,8	0.01933246078214839	0.030332733766197755	0.5239260839853204	-0.08563168382633199	0.12429660539062878
2,9	0.005766242874089743	0.030360401028379457	0.8493738794830943	-0.09929364221498646	0.11082612796316593
2,10	0.013686944478462042	0.03036890849271975	0.6522314504305435	-0.09140238005132363	0.11877626900824771
2,11	0.0507670010650262	0.03039178552837969	0.09489427582708063	-0.05440148772663353	0.15593548985668593
2,12	-0.08233369038207981	0.030382305587920495	0.006751051671392898	-0.18746937455253695	0.022801993788377328
2,13	0.04509983184042715	0.030367176756047994	0.13756202830684514	-0.05998350014480783	0.15018316382566213
3,4	0.42814360048705313	0.022079989761239295	4.860542956418224e-81	0.35173745601895423	0.504549744955152
3,5	-0.047378895855561265	0.02200093778895902	0.03132377501718418	-0.12351148691716639	0.02875369520604386
3,6	-0.035168634485130745	0.021971293802303695	0.10950983275512897	-0.11119864475972059	0.0408613757894591
3,7	-0.18049570104154802	0.030401661720330854	3.0823545315418605e-09	-0.28569836565290585	-0.07529303643019022
3,8	-0.030340852002671743	0.030386892978633076	0.3180888448404134	-0.13549241049378336	0.07481070648843986
3,9	-0.06640600051364758	0.03040142907908453	0.02898249347981546	-0.17160786008746376	0.03879585906016862
3,10	-0.024125373583102756	0.03039528534394767	0.4273926386111576	-0.1293059732233992	0.0810552260571937
3,11	0.047013751698475284	0.03043330250229111	0.12244990643561132	-0.058298403459919934	0.1523259068568705
3,12	-0.07188354457103402	0.03044389023335078	0.01825197956760783	-0.1772323377767147	0.03346524863464666
3,13	-0.024849124527635477	0.030394236387627435	0.4136441423337436	-0.13002609433345233	0.08032784527818138
4,5	0.07425069775145864	0.021964042923930872	0.0007284984923150667	-0.001754221403684822	0.1502556169066021
4,6	-0.01009032272423313	0.021936054436626776	0.645543238115861	-0.08599838982339626	0.06581774437493
4,7	0.036078799686392646	0.030364624120003982	0.23481243169226865	-0.0689956990937339	0.1411532984665192
4,8	0.037864933685485457	0.030338258939512884	0.21205128762174338	-0.06711833036983761	0.1428481977408085
4,9	-0.0019274499006329666	0.030383112157789688	0.9494199076517837	-0.1070659251454799	0.10321102534421396
4,10	-0.031942415352422836	0.030381754902008083	0.293136277782151	-0.13707619391568382	0.07319136321083813
4,11	-0.009606139451733211	0.030390358349032816	0.7519450813380283	-0.11476968959656662	0.09555741069310021
4,12	-0.008435319591363752	0.03037964082376651	0.7812812069812047	-0.11356178254581832	0.09669114336309083
4,13	0.005025616434387011	0.03036493022222342	0.868550902143767	-0.10004994158945536	0.11010117445822938
5,6	-0.00376884047134202	0.02188882990737287	0.863301662550023	-0.07951349063763383	0.0719758096949498
5,7	0.08382261392830916	0.030272751508021164	0.005643471304014436	-0.020933966585562416	0.18857919444218074
5,8	0.0485381039306895	0.03025451301919065	0.10870040725873972	-0.05615536366385861	0.1532315715252376
5,9	0.01315975157087713	0.030317099043630186	0.6642546705916876	-0.09175029025566657	0.11806979339742084
5,10	-0.014621845735853258	0.0302906948919256	0.6293158783014208	-0.11944051798063929	0.09019682650893276
5,11	-0.010887828729439554	0.03031563363920652	0.7194976233061829	-0.11579279963415269	0.09401714217527359
5,12	-0.023709351472436784	0.03028383356695491	0.4337173317528702	-0.12850428061803562	0.08108557767316206
5,13	-0.02868866705941168	0.03027807411279038	0.34342303177306843	-0.13346366604690307	0.0760863319280797
6,7	-0.045423540235566696	0.030256105558437336	0.1333357646200534	-0.1501225186924417	0.0592754382213083
6,8	-0.008256509684771225	0.030246496800876373	0.7848835292940963	-0.11292223775854819	0.09640921838900575
6,9	0.0407181322536031	0.030287603052795528	0.17888084702445076	-0.06408984091433557	0.14552610542154176
6,10	0.011624835268679171	0.03027270463876171	0.7009906400928432	-0.09313158305764396	0.11638125359500232
6,11	-0.05763186896887579	0.030292544623220008	0.05715741296206126	-0.16245694206973266	0.047193204131981095
6,12	-0.0303545961058412	0.030271074925530245	0.3160218266652274	-0.13510537493205807	0.07439618272037565
6,13	-0.018329878869291896	0.03028155008421079	0.5449949844053976	-0.12311690619454008	0.08645714845595628
7,8	0.0734826318680826	0.030253250567505798	0.015176272158163041	-0.031206467107328453	0.17817173084349364
7,9	0.013859623911944542	0.030296433626759378	0.6473536098104673	-0.09097890679326268	0.11869815461715175
7,10	0.033203235587220596	0.030277103598808395	0.2728452654703019	-0.07156840500960496	0.13797487618404616
7,11	-0.0036532276848795864	0.03031014680783245	0.9040691990342882	-0.10853921182215431	0.10123275645239513
7,12	0.04086748256030552	0.030305022418303948	0.1775416124305627	-0.0640007690122869	0.14573573413289795
7,13	0.020077506212790412	0.030301184569777213	0.5076161591600516	-0.0847774647735268	0.1249324771991076
8,9	0.030649300750688342	0.03028340199457607	0.31154375246890614	-0.07414413497114161	0.1354427364725183
8,10	0.04443045103096704	0.03028588232103195	0.1424244856143338	-0.06037156767407829	0.14923246973601237
8,11	-0.0009881432712062755	0.030296095859254312	0.9739818574374608	-0.10582550515735752	0.10384921861494496
8,12	0.05935767630265357	0.030283649578561778	0.05004025500914942	-0.045436616164944155	0.1641519687702513
8,13	0.008683454985219248	0.030263691738570384	0.7741795610241964	-0.09604177487763349	0.11340868484807198
9,10	-0.008361971093131807	0.03030287489048226	0.782599698488671	-0.11322279130716079	0.09649884912089718
9,11	0.02647873082242697	0.03032782531596285	0.3826560844043564	-0.07846842846306105	0.131425890107915
9,12	0.009110164520631896	0.030308732698540584	0.7637471666238023	-0.0957709261977592	0.11399125523902298
9,13	-0.022890188014676932	0.030292644620340845	0.44990076299335935	-0.12771560714805213	0.08193523111869826
10,11	0.03823332587979726	0.030309137113301313	0.20720260673929702	-0.0666491642854671	0.14311581604506163
10,12	0.05582563042922938	0.03032126957959837	0.06565596056187645	-0.04909884322346734	0.1607501040819261
10,13	-0.054502320064760086	0.03028921414201132	0.07201145749272195	-0.15931586828579905	0.050311228156278885
11,12	0.011377489709257727	0.03033094987338421	0.7075921692398162	-0.09358048187226471	0.11633546129078016
11,13	0.04511659430380641	0.030320085142452272	0.13680633965259176	-0.05980378069319904	0.15003696930081184
12,13	0.03119929010977259	0.03031028163141669	0.30337039685664297	-0.0736871605743786	0.13608574079392377
