Params:	92
Performance_R2:	0.8042483653509169
Alpha:	0.05
Alpha_Bonf:	0.0005434782608695652
Term	Coefficient	StdErr	p_value	CI_lower	CI_upper
Intercept	8.70058558419112	0.004859606747083425	0.0	8.683771128769726	8.717400039612516
1	-0.012926080094559533	0.004832915905692219	0.007500325029173893	-0.02964818401796467	0.0037960238288456023
2	0.09773812273181803	0.0048546216514933835	1.4817465175185922e-87	0.08094091596282135	0.11453532950081471
3	0.19551417182354036	0.004867570127655169	0.0	0.17867216275128572	0.212356180895795
4	0.49883165370091925	0.0048677649860283095	0.0	0.4819889704100294	0.5156743369918091
5	0.3831729832659248	0.004858888884877975	0.0	0.3663610116796801	0.3999849548521695
6	0.015238993941708773	0.004833839867332553	0.0016256263404953698	-0.0014863069300547482	0.031964294813472294
7	0.23150713817961666	0.004847420351084339	0.0	0.2147348482302323	0.248279428129001
8	-0.11899837119696069	0.004837038660149041	5.582977796153989e-128	-0.1357347400340997	-0.1022620023598217
9	-0.1096964385499927	0.004835668264769821	8.529298619593735e-110	-0.12642806575818663	-0.09296481134179876
10	-0.08286102840039718	0.004835097871870674	1.8634265304374013e-64	-0.09959068202379823	-0.06613137477699613
11	0.2631134884290739	0.00484069264970892	0.0	0.24636447662558753	0.27986250023256026
12	0.06265649711290065	0.004840041740311094	7.132470814190961e-38	0.04590973748487266	0.07940325674092864
13	0.014393729579918791	0.004831618782222879	0.0029016978263899105	-0.0023238862386074123	0.031111345398444994
1,2	0.0015800529157332655	0.004810586797793877	0.7425793236635727	-0.015064791301507063	0.018224897132973594
1,3	0.004240701082076415	0.004803920497599196	0.37739874980173604	-0.012381077440081413	0.020862479604234242
1,4	-0.005421418889721308	0.004817562866765893	0.26048361586091723	-0.022090400615787206	0.01124756283634459
1,5	-0.00770273278690406	0.004810015939215484	0.10933709555250336	-0.024345601808080618	0.008940136234272499
1,6	0.0072330863329405914	0.0047954525142663495	0.13151966478520574	-0.009359392590367038	0.02382556525624822
1,7	-0.0115051494422998	0.004801023754813226	0.016584694878054793	-0.028116905105618036	0.005106606221018436
1,8	-0.0037558108621936915	0.004798404260109655	0.43381895968974327	-0.020358502957364938	0.012846881232977553
1,9	-0.000547378865048259	0.004799503032112747	0.90920233764027	-0.017153872760205757	0.016059115030109237
1,10	0.00046266813695127265	0.004798278000545119	0.9231869071398178	-0.0161395870945127	0.017064923368415245
1,11	-0.0030617211613326	0.00480206491425503	0.5237662808108483	-0.019677079282613363	0.013553636959948163
1,12	0.0056819576685094905	0.004799498067893155	0.23650884362393737	-0.010924519050227491	0.022288434387246474
1,13	0.002803858535044338	0.0047967870508384735	0.5588846603672035	-0.01379323794414138	0.019400955014230056
2,3	0.07996018225367352	0.004819419005158796	1.3171840325385536e-60	0.06328477820623724	0.0966355863011098
2,4	-0.025350408338315533	0.004838413790606854	1.660499182037262e-07	-0.04209153518798205	-0.008609281488649013
2,5	0.018702492744115617	0.004827917490791956	0.00010817078012181196	0.001997683558513815	0.035407301929717416
2,6	-0.0035875101877297644	0.004809232947437821	0.45571609757084663	-0.020227670022540833	0.013052649647081305
2,7	0.0002868237853972111	0.0048128637706560595	0.9524797985317404	-0.016365898859189088	0.01693954642998351
2,8	-0.0041664018154540464	0.004811995356318392	0.3866110064624546	-0.020816119707819034	0.012483316076910939
2,9	-0.012645134237563395	0.004811181181074198	0.00860149822168556	-0.02929203504738216	0.004001766572255372
2,10	-0.0007033202489326743	0.004812929046988189	0.8838220584456994	-0.017356268752530574	0.015949628254665227
2,11	0.014045365106203784	0.0048154469639438485	0.0035490380896688544	-0.002616295502016806	0.030707025714424373
2,12	0.0047427940568754885	0.004815052453965307	0.324663243623335	-0.011917501529277945	0.021403089643028922
2,13	0.003397088642172529	0.004809003662115355	0.47996308341371086	-0.013242277855227916	0.020036455139572976
3,4	-0.0349006174062666	0.004845357955654754	6.544296771633615e-13	-0.05166577137576268	-0.01813546343677052
3,5	0.033497278507855416	0.0048330785689214475	4.577235423335741e-12	0.01677461176244453	0.0502199452532663
3,6	-0.016346203284976324	0.004803410130193585	0.0006703359723664746	-0.03296621591321787	0.00027380934326522513
3,7	-0.039435652231149164	0.00481124738224358	2.942705886194192e-16	-0.05608278209995755	-0.02278852236234078
3,8	-0.017194016452196502	0.004806235046109402	0.0003494450796845769	-0.03382380341511322	-0.0005642294892797863
3,9	-0.020078519234367345	0.0048064443398758245	2.9861249182662925e-05	-0.03670903036302187	-0.003448008105712816
3,10	-0.019043211055062816	0.00480591684484588	7.49605224779877e-05	-0.035671897027459314	-0.002414525082666319
3,11	-0.006968858415539458	0.004814061468801401	0.1477747663032908	-0.02362572514896283	0.009688008317883912
3,12	-0.03573002854541734	0.004808514747113597	1.2168268949682062e-13	-0.0523677033751727	-0.019092353715661984
3,13	-0.004203716956005225	0.004803819568622076	0.38156306454321287	-0.02082514625941453	0.012417712347404079
4,5	0.03357855259405648	0.004851686809223849	4.9039997237867675e-12	0.01679150050980658	0.050365604678306385
4,6	-0.006550279753323951	0.00481712043356317	0.1739420047908266	-0.023217730640836178	0.010117171134188276
4,7	0.00610722021864181	0.004827989446931844	0.20592950896368173	-0.010597837938403451	0.02281227837568707
4,8	-0.02770093734462579	0.00482076559687251	9.53281870601212e-09	-0.044381000659266076	-0.01102087402998551
4,9	0.005697842186325498	0.004819424913257128	0.23714245787761898	-0.010977582303393702	0.0223732666760447
4,10	-0.003431543062868952	0.004819700494557678	0.47650051243157665	-0.02010792107614144	0.013244834950403538
4,11	-0.011364241222763112	0.004828512112288519	0.01862306128215404	-0.028071107825182143	0.00534262537965592
4,12	0.032779744337130934	0.004822721195812811	1.1615052155329796e-11	0.01609291456320389	0.04946657411105798
4,13	-0.0003326730270578251	0.004816097496235	0.9449318174998296	-0.016996584505930924	0.01633123845181527
5,6	0.0016538072507922552	0.0048087310937833735	0.7309191331962008	-0.014984616148060115	0.018292230649644626
5,7	0.005407952440177926	0.00481917093184835	0.26182862960192643	-0.011266593262573926	0.022082498142929778
5,8	-0.02783201736104462	0.004810376950178787	7.543775619937687e-09	-0.04447613549620612	-0.011187899225883119
5,9	-0.015478676855687327	0.004810074012108217	0.001297204016271849	-0.03212174681165488	0.0011643931002802282
5,10	0.002594222224540678	0.004811742076707394	0.5898055007496281	-0.014054619309108486	0.019243063758189842
5,11	0.011852215548500376	0.00481671196258226	0.01389401309599018	-0.004813822011255738	0.02851825310825649
5,12	-0.009515556643162476	0.004812066398703761	0.04803353067052799	-0.026165520345339654	0.007134407059014702
5,13	0.002838544112147118	0.004808412842448219	0.5549903656609161	-0.01379877812293496	0.019475866347229198
6,7	0.0035684498795674723	0.004798125928008985	0.4570737262455401	-0.013033279174159758	0.020170178933294702
6,8	-0.009418929387485212	0.0047973972231715335	0.049648121505094144	-0.02601813709007389	0.007180278315103464
6,9	-0.004421900556820905	0.004797901338895022	0.3567538799086698	-0.02102285252222774	0.012179051408585929
6,10	-0.0014099991900244982	0.004798292631856133	0.7688783712136875	-0.018012305046475142	0.015192306666426146
6,11	0.00045609700532003253	0.004801176568686163	0.9243201332852804	-0.016156187400793248	0.01706838141143331
6,12	0.0005026158256318681	0.0047986818641191625	0.9165849687694355	-0.016101036791755598	0.01710626844301933
6,13	0.005046575967890977	0.0047961654422703955	0.29274119495742246	-0.011548369718010126	0.02164152165379208
7,8	0.011683112265984431	0.00480065215717293	0.014973564239082904	-0.004927357652975743	0.028293582184944606
7,9	-0.0014179603263046164	0.004800966410630506	0.7677365600229318	-0.0180295175762009	0.01519359692359167
7,10	-0.01687619313615581	0.004800268858372711	0.0004415589357162106	-0.03348533682422432	-0.0002670494480873052
7,11	-0.0035679667885259014	0.004806382625570645	0.4579080038460245	-0.020198264382940458	0.013062330805888657
7,12	0.015023166695831956	0.004801529283302543	0.001762632279858932	-0.0015903381185370241	0.031636671510200935
7,13	-0.005558818763534105	0.004798020044185034	0.24667510112722354	-0.022160181454522466	0.011042543927454258
8,9	0.0029058810810856754	0.004798636232495483	0.5448250234194728	-0.013697613648854905	0.019509375811026256
8,10	-0.00427857419422434	0.004799502566672189	0.37271362758479787	-0.020885066478936815	0.012327918090488133
8,11	-0.004994515511637564	0.004803607116718232	0.2984972614552885	-0.021615209722013157	0.01162617869873803
8,12	-0.00531285582651176	0.004801833736306583	0.26858382142313225	-0.02192741406181185	0.01130170240878833
8,13	0.0018239286143430372	0.004797838650823411	0.7038415366487873	-0.014776806447548675	0.01842466367623475
9,10	-0.004898671427920345	0.004798678975680552	0.30736858286001933	-0.021502314051181786	0.011704971195341096
9,11	-0.013729517837863567	0.00480459269756946	0.004282081687849855	-0.03035362220180706	0.0028945865260799272
9,12	0.013167742928646928	0.004801362083176947	0.006113642246625251	-0.003445183365853142	0.029780669223146997
9,13	-0.001774505582536669	0.004798030698278414	0.7115131935661154	-0.01837590513716185	0.01482689397208851
10,11	-0.022596991102762684	0.004803442779609092	2.5984630213421274e-06	-0.039217116699433605	-0.005976865506091764
10,12	0.02733154136809375	0.004800019362724414	1.2935842584670029e-08	0.010723260946061873	0.04393982179012563
10,13	0.006740932009486059	0.0047980190849891986	0.16008565342861922	-0.009860427362642064	0.023342291381614182
11,12	-0.018162967039593355	0.004804828348021624	0.0001581068437781109	-0.034787886764579244	-0.0015380473146074658
11,13	0.007998672874361122	0.004801481984915195	0.09578525851047856	-0.00861466828548457	0.024612014034206812
12,13	-0.008539536488710489	0.004798787946866291	0.07520031089023378	-0.025143556157119856	0.008064483179698878
