Params:	92
Performance_R2:	0.8140541950431914
Alpha:	0.05
Alpha_Bonf:	0.0005434782608695652
Term	Coefficient	StdErr	p_value	CI_lower	CI_upper
Intercept	8.647591444756417	0.004543068432489122	0.0	8.63187222597801	8.663310663534824
1	-0.0079549917976377	0.004518116142052507	0.07833723782349886	-0.023587874541661967	0.007677890946386566
2	0.08100193958647772	0.004538408049131631	1.236231041440158e-69	0.06529884594170479	0.09670503323125065
3	0.18721254527103692	0.004550513105437834	0.0	0.17146756759320797	0.20295752294886588
4	0.4858157717611071	0.004550695271396911	0.0	0.47007016378095995	0.5015613797412543
5	0.3424814841754823	0.004542397329394944	0.0	0.3267645874436198	0.3581983809073448
6	0.015924282327896278	0.004518979919962839	0.0004281583104223115	0.0002884108738954311	0.031560153781897124
7	0.2271010195751108	0.004531675817026464	0.0	0.21142121975276224	0.24278081939745938
8	-0.09776514813167707	0.004521970354255774	3.090585986293176e-100	-0.11341136662129749	-0.08211892964205665
9	-0.09518823428949012	0.004520689221787371	2.4625787625974763e-95	-0.11083002000380587	-0.07954644857517437
10	-0.07322599259588836	0.004520155982348647	6.426158802649764e-58	-0.08886593327803628	-0.05758605191374043
11	0.2527011142568068	0.004525386335318871	0.0	0.23704307632082064	0.26835915219279294
12	0.059775746060519774	0.004524777823953327	2.3748806553767786e-39	0.04411981360091511	0.07543167852012445
13	0.014485165953326912	0.004516903508810086	0.0013481870345685052	-0.0011435210257603225	0.030113852932414146
1,2	-7.943464693871416e-05	0.004497241476570679	0.9859082507369485	-0.01564009012022932	0.01548122082635189
1,3	0.00665086330969622	0.004491009396578993	0.13867304778134726	-0.008888228889721319	0.02218995550911376
1,4	-0.002501202418969284	0.004503763148051329	0.5786682693112026	-0.018084423165561105	0.013082018327622538
1,5	-0.002842279001708109	0.004496707801785477	0.5273563485639601	-0.018401087936512718	0.012716529933096502
1,6	0.0033196360676531478	0.00448309298898297	0.4590355692941749	-0.012192065009488745	0.01883133714479504
1,7	-0.009807046667077013	0.0044883013378012185	0.028921870420705216	-0.02533676886271292	0.0057226755285588946
1,8	-0.0028563931970415207	0.00448585246810533	0.5243057549560783	-0.01837764219464365	0.01266485580056061
1,9	-0.0010581960775989923	0.004486879669823811	0.8135622983583575	-0.01658299923882034	0.014466607083622355
1,10	-0.002265664198534665	0.004485734432660942	0.6135179109364114	-0.01778650478825091	0.01325517639118158
1,11	-0.002156969840627767	0.004489274679645409	0.6309077674424663	-0.017690059842323032	0.0133761201610675
1,12	0.007576312959659128	0.0044868750289566595	0.09135259308848741	-0.007948474143955523	0.02310110006327378
1,13	0.005261234005528599	0.004484340598365449	0.24073926299625226	-0.0102547838555501	0.0207772518666073
2,3	0.06941122516530751	0.004505498383879658	1.2040466738605252e-52	0.05382200042559453	0.0850004499050205
2,4	-0.03871712951983847	0.004523255913375799	1.3918102496963458e-17	-0.05436779610117498	-0.02306646293850195
2,5	-0.011244081865183428	0.004513443306959524	0.012753918496382391	-0.02686079639201406	0.004372632661647204
2,6	-0.005125939287364711	0.004495975811438699	0.2542785566204339	-0.020682215503022412	0.01043033692829299
2,7	-0.01287260297523449	0.00449937013513714	0.00423652622060175	-0.02844062370181326	0.002695417751344277
2,8	-0.0029878664544621767	0.004498558286366424	0.5065961536814783	-0.0185530781481964	0.012577345239272049
2,9	-0.005075111702108536	0.004497797143738448	0.2592107602099688	-0.020637689808506686	0.010487466404289613
2,10	0.0013116889420886372	0.0044994311595902125	0.7706602351599969	-0.01425654293181114	0.016879920815988412
2,11	-0.004311272955739958	0.004501785067968446	0.33825858552958354	-0.019887649457292086	0.011265103545812172
2,12	-0.0029326561388614662	0.004501416255032938	0.5147486698397429	-0.01850775653125792	0.012642444253534987
2,13	0.001614080789335618	0.004495761460985104	0.7195894475803238	-0.013941453764221812	0.017169615342893046
3,4	-0.08224268733175905	0.00452974775904583	6.147929417296083e-72	-0.09791581598776587	-0.06656955867575222
3,5	-0.014763419910623243	0.004518268209950239	0.0010905448407789759	-0.030396828816335177	0.0008699889950886906
3,6	-0.012817383526448428	0.004490532272776581	0.004326345749551913	-0.028354824856294893	0.002720057803398037
3,7	-0.06379987625396893	0.0044978590327880074	5.158410623243149e-45	-0.07936266849923038	-0.048237084008707486
3,8	-0.0022786482525628893	0.004493173183243109	0.6120764715621723	-0.0178252272500484	0.013267930744922624
3,9	-0.0011187968912990355	0.0044933688443228705	0.8033774163931371	-0.016666052884820357	0.014428459102222284
3,10	-0.010931358991213957	0.004492875708531529	0.01499871883524928	-0.026476908712970555	0.004614190730542641
3,11	-0.01970256015572929	0.00450048981928422	1.2168024983939431e-05	-0.03527445503924235	-0.004130665272216236
3,12	-0.03443832378104147	0.004495304392249658	2.1083782655790254e-14	-0.04999227685645125	-0.018884370705631683
3,13	-0.0056376490620679036	0.004490915041773401	0.2093975620995837	-0.021176414789662725	0.009901116665526916
4,5	-0.10347715606724678	0.004535664372541533	5.543989803164868e-111	-0.11917075646902374	-0.08778355566546982
4,6	-0.012128905913552118	0.0045033495334480525	0.007092445205915624	-0.027710695535225732	0.0034528837081214975
4,7	-0.07700764778049494	0.004513510576120315	6.478433454456643e-64	-0.09262459506161295	-0.061390700499376935
4,8	0.004727412857998095	0.004506757263172657	0.29423417428841114	-0.0108661676600432	0.02032099337603939
4,9	0.03208734704148693	0.004505503907144487	1.1772300891219605e-12	0.016498103191032048	0.0476765908919418
4,10	0.018009480172976097	0.004505761538013048	6.48471155289229e-05	0.002419344908260755	0.03359961543769144
4,11	-0.08727990489618172	0.004513999196826936	4.413907725335537e-81	-0.10289854282667056	-0.07166126696569287
4,12	0.004675547684725059	0.004508585481025393	0.2997586342567629	-0.010924358548376176	0.020275453917826296
4,13	-0.0006936058513803186	0.004502393226790768	0.8775728557860349	-0.01627208660949872	0.014884874906738085
5,6	-0.0006823516174809807	0.004495506646830552	0.8793609188492745	-0.01623700450273366	0.014872301267771696
5,7	-0.04011040176870485	0.004505266469223949	6.91198050439667e-19	-0.055698824073397275	-0.024521979464012418
5,8	0.004999058844463063	0.004497045297718075	0.2663366658229288	-0.01056091784127468	0.020559035530200803
5,9	0.009782634432057014	0.004496762092006783	0.029628971593778558	-0.005776362349327262	0.02534163121344129
5,10	0.018472789612758417	0.004498321504530938	4.0634666775277194e-05	0.0029083971947031877	0.03403718203081364
5,11	-0.047846118663102774	0.004502967668882556	3.675259391512797e-26	-0.06342658701640064	-0.03226565030980492
5,12	-0.01918528169353926	0.00449862470129157	2.0294437353080546e-05	-0.03475072318586755	-0.0036198402012109724
5,13	-0.0018433724234736427	0.0044952091253088345	0.6817642198419522	-0.017396995871032245	0.013710251024084961
6,7	0.00030569113438328605	0.004485592265614447	0.9456686292141863	-0.015214657551030804	0.015826039819797376
6,8	-0.0031329536583649866	0.004484911026140571	0.4848550782615474	-0.018650945224908982	0.01238503790817901
6,9	-0.0018561515184086497	0.004485382305474249	0.6790175520221554	-0.017375773732402032	0.013663470695584733
6,10	0.0026620226348473483	0.004485748110937941	0.552906873842997	-0.012858865282315501	0.018182910552010198
6,11	0.0041862256229841304	0.004488444197896349	0.3510255873576861	-0.01134399087493303	0.01971644212090129
6,12	0.0023772358833643262	0.0044861119899304415	0.5961919858959435	-0.013144911071292011	0.017899382838020665
6,13	0.003500491353595118	0.004483759479272903	0.4350040907535194	-0.01201351580958462	0.019014498516774857
7,8	0.024598885160039843	0.004487953944771889	4.382328881899445e-08	0.009070364959731824	0.04012740536034786
7,9	0.0079239260265218	0.004488247728824225	0.07752848713429956	-0.007605610679670053	0.023453462732713655
7,10	0.0011254808213617727	0.0044875956127565396	0.80197789785726	-0.014401799534240343	0.01665276117696389
7,11	-0.023723849851903255	0.004493311149878386	1.3341348927211135e-07	-0.03927090622008134	-0.008176793483725166
7,12	-0.0005772991084801882	0.004488773937877946	0.8976705150621893	-0.016108656521395162	0.014954058304434784
7,13	-0.004541756141017801	0.004485493278703954	0.3113152068801524	-0.02006176232732025	0.010978250045284651
8,9	-0.003148409854003484	0.004486069330596086	0.4828164548470112	-0.018670409205466157	0.012373589497459188
8,10	-0.006763629669682244	0.0044868792347004735	0.1317495138330759	-0.022288431325357495	0.008761171985993008
8,11	0.01356377417163707	0.004490716428266588	0.002533978050501343	-0.0019743043443930675	0.029101852687667205
8,12	-0.0029838658963023852	0.004489058559845075	0.5062670636311379	-0.01851620811387899	0.01254847632127422
8,13	0.003116649921103385	0.004485323700691176	0.48717041507323855	-0.012402769517734776	0.018636069359941547
9,10	-0.009694714072689306	0.004486109289634933	0.030726942481574298	-0.025216851684203116	0.005827423538824506
9,11	0.00040269357920480475	0.004491637811721239	0.928564822045227	-0.015138572964546619	0.01594396012295623
9,12	0.01170510869643511	0.0044886176286019	0.009134822264918402	-0.003825707879434641	0.02723592527230486
9,13	-0.002516547473229682	0.004485503238825797	0.5747890663137123	-0.018036588121996572	0.01300349317553721
10,11	-0.011845307958687865	0.004490562795519808	0.008363454738907847	-0.027382854898583053	0.0036922389812073225
10,12	0.027425914328990112	0.004487362368409247	1.0408081050637349e-09	0.011899441009200555	0.04295238764877967
10,13	0.012330020969725708	0.004485492381986885	0.0059963151561539295	-0.003189982113895812	0.02785002405334723
11,12	-0.02456915261993964	0.004491858112701555	4.671955281633898e-08	-0.04011118141487837	-0.009027123825000911
11,13	9.196393923938291e-05	0.004488729720347258	0.9836549048367549	-0.01543924047905333	0.015623168357532096
12,13	-0.009061142925039676	0.00448621116280693	0.043446638050969356	-0.024583633022258265	0.006461347172178913
