Params:	14
Performance_R2:	0.7753452373823694
Alpha:	0.05
Alpha_Bonf:	0.0035714285714285718
Term	Coefficient	StdErr	p_value	CI_lower	CI_upper
Intercept	8.70479461004043	0.005142797152189883	0.0	8.689804619376993	8.719784600703868
1	-0.013802994939264845	0.005105011452213844	0.0068721295811694436	-0.028682849567177288	0.0010768596886475967
2	0.09717651656573856	0.005118018645422856	2.3740240830182865e-78	0.08225874916409799	0.11209428396737912
3	0.19601473053562435	0.005111445205232922	3.627696436822474e-291	0.18111612309774627	0.21091333797350242
4	0.49630975243020403	0.0051255475103347764	0.0	0.4813700402363821	0.511249464624026
5	0.38856626832474933	0.005117041624540428	0.0	0.3736513486990315	0.40348118795046717
6	0.015119611373536318	0.005103822631608763	0.003063100037544748	0.00024322186572161772	0.02999600088135102
7	0.2304922065269911	0.005106111063054229	0.0	0.2156091468035357	0.24537526625044648
8	-0.1219088127634873	0.005105751195807557	5.163409804253297e-121	-0.13679082356229955	-0.10702680196467507
9	-0.11023243644912122	0.005105651606618346	5.172502554000554e-100	-0.12511415696990533	-0.09535071592833712
10	-0.08327729479161165	0.00510551893571883	1.0870623800513692e-58	-0.09815862860930671	-0.06839596097391659
11	0.2624284463360156	0.005109270520856013	0.0	0.24753617756900884	0.2773207151030223
12	0.06415120547073133	0.0051068882328680195	8.628260883196475e-36	0.04926588048813624	0.07903653045332643
13	0.014546727826901567	0.005103862840857903	0.00438327729839628	-0.0003297788809992642	0.029423234534802396
