Params:	14
Performance_R2:	0.7345480086351038
Alpha:	0.05
Alpha_Bonf:	0.0035714285714285718
Term	Coefficient	StdErr	p_value	CI_lower	CI_upper
Intercept	8.651331022970254	0.005362190416820619	0.0	8.635701554821877	8.666960491118632
1	-0.007587963921505403	0.005322792767582578	0.15404160620817006	-0.023102597598142018	0.007926669755131214
2	0.07555445196565114	0.005336354851544104	7.270777264514174e-45	0.06000028814502013	0.09110861578628215
3	0.19435294072422382	0.00532950098642967	7.397118661027869e-266	0.1788187542371398	0.20988712721130784
4	0.47682522315200726	0.0053442049000849146	0.0	0.4612481783677971	0.49240226793621744
5	0.33943191277224216	0.005335336150658622	0.0	0.3238807182145065	0.35498310732997784
6	0.015350698995187984	0.005321553231534928	0.003931218681715582	-0.0001603217382911623	0.03086171972866713
7	0.2251180513386508	0.005323939288150287	0.0	0.20960007583613677	0.2406360268411648
8	-0.09852690740011288	0.005323564068859243	1.246380614548237e-74	-0.11404378923054476	-0.08301002556968101
9	-0.0939369097484047	0.005323460231165434	3.696387710983676e-68	-0.10945348891746093	-0.07842033057934847
10	-0.07310376547318265	0.005323321900485666	2.3995879607178196e-42	-0.0886199414422804	-0.057587589504084886
11	0.24869956861008108	0.005327233529366832	0.0	0.23317199120346355	0.2642271460166986
12	0.06019244185242187	0.005324749612260772	2.297292398910106e-29	0.044672104454135754	0.07571277925070799
13	0.01266293533275982	0.0053215951561226636	0.017362099952228902	-0.0028482076005961875	0.02817407826611583
