Params:	378
Performance_R2:	0.8227159372767161
Alpha:	0.05
Alpha_Bonf:	0.00013227513227513228
Term	Coefficient	StdErr	p_value	CI_lower	CI_upper
Intercept	7.398105259990238	0.06978912188547425	0.0	7.131202022147994	7.665008497832483
1	0.12924816614292586	0.061527834539544544	0.035709604617083224	-0.10606040075629969	0.3645567330421514
2	-0.5306633913672464	0.06172932107157241	1.0118555518750736e-17	-0.7667425283256295	-0.29458425440886327
3	1.097860754744419	0.061174608330691875	2.28361074634518e-70	0.8639030748643514	1.3318184346244866
4	1.63767823093731	0.06074073997626726	4.752032301757831e-152	1.4053798478855253	1.8699766139890945
5	1.2283483826197206	0.06089801774145912	7.177055242332564e-88	0.9954485026062864	1.4612482626331549
6	0.0573694890759414	0.0619177519407438	0.3541971930261888	-0.17943028754278595	0.2941692656946688
7	0.45201225871367623	0.06165214181000545	2.542387872595493e-13	0.21622828802547917	0.6877962294018733
8	-0.26330243850199214	0.062089576016353884	2.258527201548168e-05	-0.5007593433504577	-0.025845533653526626
9	0.12584899863539661	0.06163334180161169	0.041200968412750956	-0.10986307283733257	0.36156107010812577
10	-0.007475654851071489	0.061630360228075894	0.9034584658435989	-0.24317632352048307	0.2282250138183401
11	-0.008701096633540711	0.06131799996398585	0.8871623539086291	-0.2432071670101739	0.22580497374309247
12	1.1674291418612412	0.061531588612383094	3.2163116364922355e-78	0.9321062177933247	1.4027520659291577
13	0.08652475946611657	0.06169661365106761	0.16083553972713754	-0.14942929042714304	0.3224788093593762
1,2	-0.05648008464440037	0.047094466538569905	0.2304565381062673	-0.23658932321921286	0.1236291539304121
1,3	-0.07007609073832641	0.04686873243924526	0.13492098528728247	-0.24932202625997796	0.10916984478332514
1,4	-0.04557841097451805	0.04661973162843637	0.32827628502756045	-0.22387206165815005	0.13271523970911392
1,5	-0.09777702879741873	0.04674577882850422	0.03650528726199016	-0.27655273749969533	0.08099867990485785
1,6	-0.07444663621473152	0.04698509289706266	0.11313348523442551	-0.2541375835392144	0.10524431110975135
1,7	-0.01042522798284562	0.04684202103424759	0.823883670443328	-0.18956900774886387	0.16871855178317263
1,8	-0.025933321858974477	0.047041323080009835	0.5814546880054684	-0.20583931728103466	0.1539726735630857
1,9	-0.021087013155491927	0.047096372250933057	0.6543541361020389	-0.20120353998363644	0.15902951367265256
1,10	0.01817546658745245	0.046971749980090995	0.6988095620415911	-0.161464451756499	0.1978153849314039
1,11	0.0124030475995709	0.046802733546405205	0.7910123444118143	-0.16659048012961808	0.19139657532875987
1,12	-0.09685096596595137	0.04696700412763042	0.03923630261592711	-0.27647273415478085	0.0827708022228781
1,13	-0.05214114267352408	0.046965249380240014	0.2669499795407068	-0.23175619996318414	0.127473914616136
2,3	0.34117652490719097	0.04685010559302884	3.659558785391015e-13	0.16200182635530833	0.5203512234590736
2,4	0.3340747384724099	0.046718216089387726	9.54547158550073e-13	0.15540444138895362	0.5127450355558663
2,5	0.3169007311882803	0.04690127853861518	1.5305892216707663e-11	0.13753032556202965	0.496271136814531
2,6	-0.03864160792164499	0.04701996166365858	0.4112128515608726	-0.21846590821651324	0.14118269237322328
2,7	-0.1636811534089781	0.04691908331339683	0.0004887261920176852	-0.3431196520547408	0.015757345236784598
2,8	-0.04496291990841155	0.047096647386324124	0.33976676291414076	-0.22508049897112697	0.13515465915430386
2,9	-0.08281635403106818	0.04715276945157042	0.07907612043617036	-0.26314856770336087	0.0975158596412245
2,10	0.023630690040099517	0.0470722032560654	0.6156774840567018	-0.15639340428837611	0.20365478436857515
2,11	0.0710009718428038	0.04689547782450279	0.1300667098963378	-0.10834724938942436	0.25034919307503195
2,12	0.08883235119124863	0.04709845946368026	0.05932511278249948	-0.09129215802477014	0.2689568604072674
2,13	0.07686756421048915	0.04706130427903071	0.1024427590041304	-0.10311484780158622	0.25684997622256456
3,4	-0.7226413035842707	0.046503164998748465	1.6150765394426774e-53	-0.9004891539762883	-0.5447934531922531
3,5	-0.6358712863184507	0.04662404955115914	8.604994348038573e-42	-0.8141814505721682	-0.4575611220647332
3,6	-0.07995118205078494	0.046737315626928774	0.08719234755396432	-0.2586945238763625	0.09879215977479264
3,7	-0.19892816338025943	0.04665981859186325	2.0414625320375932e-05	-0.3773751236348508	-0.020481203125668007
3,8	0.09631165490524957	0.04686850830758822	0.0399243817104607	-0.0829334234417686	0.2755567332522677
3,9	-0.04894676086227566	0.0469497926532684	0.2972019608769612	-0.22850270506434112	0.13060918333978982
3,10	-0.06402618402195828	0.04683942026995504	0.17169355721913268	-0.24316001736091467	0.1151076493169981
3,11	0.17087414920254057	0.04661910505670492	0.00024894742753978094	-0.007417105204718444	0.3491654036097996
3,12	-0.847368465656596	0.04685862366770811	2.1488946591203924e-71	-1.0265757409432283	-0.6681611903699636
3,13	-0.11080760941231857	0.04678792030664769	0.01789866120460957	-0.2897444850222747	0.06812926619763751
4,5	-0.6710820312276876	0.04642124699948093	1.1569190304415126e-46	-0.8486165924042606	-0.49354747005111466
4,6	-0.030450734027830724	0.0465724008482905	0.5132397468465881	-0.20856337170930367	0.14766190365364223
4,7	-0.24501771730303393	0.046534782136647475	1.443733454877855e-07	-0.422986485056505	-0.06704894954956286
4,8	0.04329211045807781	0.046610618428197644	0.35302454133762107	-0.1349666874779467	0.2215509083941023
4,9	-0.17024788086948647	0.0466616224357635	0.0002657280509645445	-0.34870173978914965	0.008205978050176671
4,10	-0.11746596837934792	0.046559088638785814	0.011660792806330523	-0.295527694518683	0.060595757759987184
4,11	0.0051787445344647146	0.04647052373175745	0.9112696172026102	-0.17254427179155798	0.1829017608604874
4,12	-0.6631723433985702	0.04658577673576495	2.5375204831907134e-45	-0.8413361361537781	-0.4850085506433624
4,13	-0.07211174307151505	0.046573187219798876	0.12158480567283435	-0.2502273881715664	0.10600390202853635
5,6	0.01453600808400185	0.04670025635866292	0.7556113121401677	-0.16406560336261422	0.19313761953061792
5,7	-0.13561075703075715	0.04659536052271573	0.0036217217197322287	-0.31381120225699266	0.04258968819547834
5,8	-0.04729320235088401	0.04674167092033266	0.31167065974655994	-0.22605320066790102	0.13146679596613303
5,9	-0.09921809362663081	0.046798152708887854	0.03403209611425755	-0.2781941022879138	0.07975791503465218
5,10	-0.04232464028728822	0.04670742333516633	0.3648812211519994	-0.22095366129548952	0.13630438072091308
5,11	0.052437772942866556	0.04657476409156604	0.26025527707144813	-0.12568390278443659	0.2305594486701697
5,12	-0.5744636817116789	0.04671752880824784	2.2270147348699386e-34	-0.7531313503402044	-0.39579601308315354
5,13	-0.020952903689093923	0.046693367767977244	0.6536381253756011	-0.19952817023970748	0.15762236286151965
6,7	0.03886626049526155	0.04676294103316331	0.4059278518171301	-0.1399750837655128	0.21770760475603587
6,8	-0.01570907751616006	0.04695237746837229	0.7379564712423554	-0.19527490714881718	0.16385675211649703
6,9	0.016596991734446717	0.04696465479056972	0.7238048365361542	-0.16301579159182333	0.1962097750607168
6,10	0.0508589675384375	0.046915358112377764	0.2783783476161514	-0.12856528435673228	0.23028321943360727
6,11	0.02599198200721553	0.046746521430287055	0.5782161394366554	-0.15278656671962235	0.2047705307340534
6,12	0.027433646685160615	0.04693023767141278	0.5588618812875443	-0.1520475109623215	0.20691480433264275
6,13	0.025061514727903043	0.04687440068855347	0.5929080351924513	-0.15420609858610904	0.20432912804191514
7,8	0.363949727905444	0.04685758100573381	9.236393621353814e-15	0.18474644020096476	0.5431530156099232
7,9	-0.03873047099767647	0.04687299381002861	0.4086718107341184	-0.2179927038107825	0.1405317618154296
7,10	0.094383104282903	0.046775800087396256	0.04365458875979815	-0.08450741846181895	0.2732736270276249
7,11	-0.019245312865178124	0.04666973055075816	0.6800797005964165	-0.19773018065966885	0.15923955492931258
7,12	-0.18996488110029586	0.04678469043769449	4.954888851677597e-05	-0.3688894043198202	-0.011040357880771484
7,13	-0.020749510310220293	0.046755682621578344	0.6572118396144515	-0.1995630953228299	0.1580640747023893
8,9	-0.02457182777043173	0.04708235054856269	0.6017639862122304	-0.2046347296544359	0.15549107411357244
8,10	0.0586239790246064	0.047013163855017186	0.21245255697442542	-0.12117432356334706	0.23842228161255985
8,11	0.0061921724921516555	0.046864426255618576	0.8948858669160618	-0.17303729435470283	0.18542163933900613
8,12	0.08664602242829215	0.046954773598384	0.06503710805910284	-0.09292897102303953	0.2662210158796238
8,13	0.05607687270037188	0.04694587643257913	0.23232479151498733	-0.12346409421076585	0.2356178396115096
9,10	0.10798399090698554	0.04708532920222129	0.021857831729314124	-0.07209030261348592	0.288058284427457
9,11	-0.021108623819879137	0.04688386584020472	0.652557711932102	-0.20041243589315536	0.1581951882533971
9,12	0.08883209855857652	0.04699521220948599	0.058769627732506505	-0.09089754931375044	0.26856174643090347
9,13	-0.01739740392192201	0.047005436875139146	0.7113087884992004	-0.19716615525758183	0.1623713474137378
10,11	-0.057479489817578194	0.04680218776433422	0.21943901955811007	-0.23647093024436291	0.12151195060920653
10,12	-0.021884398409923213	0.04691895608269885	0.6409231566147235	-0.20132241047146868	0.15755361365162227
10,13	0.025436700029711712	0.04695879423126372	0.5880562070050414	-0.15415367002910235	0.20502707008852578
11,12	-0.1307653958589555	0.046766957309654834	0.0051870596069743796	-0.3096221000665338	0.048091308348622824
11,13	-0.04005182556296361	0.046802274313849486	0.3921576555543682	-0.21904359699184772	0.1389399458659205
12,13	0.04610188274924609	0.04687863618758946	0.32543131212353404	-0.13318192891167224	0.22538569441016443
1,2,3	0.04424156699623988	0.02669413944075731	0.09749557541093425	-0.057848157815635404	0.14633129180811516
1,2,4	0.03203331923094691	0.026740266014397093	0.23098177540000822	-0.07023281318604524	0.13429945164793908
1,2,5	-0.05500313423487681	0.026713124743728053	0.039530134467085795	-0.15716546690736713	0.047159198437613514
1,2,6	-0.01793813733100525	0.02666245668830884	0.5011065586979531	-0.11990669384352684	0.08403041918151632
1,2,7	0.03150276900660529	0.026664856998120972	0.23747254383792935	-0.07047496730992261	0.1334805053231332
1,2,8	0.012966969940038077	0.02666786122970861	0.62681330473387	-0.08902225583381937	0.11495619571389551
1,2,9	-0.0033507943128321133	0.026661628389225218	0.8999901902255153	-0.10531618305792306	0.09861459443225884
1,2,10	0.037077362374773444	0.026662019806335428	0.16438005349135382	-0.06488952331556111	0.139044248065108
1,2,11	0.018408980366314845	0.02666377212022099	0.48995938068158784	-0.08356460691643322	0.12038256764906291
1,2,12	0.003161539920468725	0.02668608049054641	0.9056976510603796	-0.09889736404358977	0.10522044388452721
1,2,13	-0.01657261445339389	0.026650360672753993	0.5340596311478174	-0.11849491066589511	0.08534968175910733
1,3,4	0.03142260716410251	0.026749467644568328	0.24015665146391352	-0.07087871619411054	0.13372393052231557
1,3,5	0.09220197069124897	0.026719550548842508	0.0005625417284293076	-0.0099849369886989	0.19438887837119684
1,3,6	0.005793676917510563	0.02666474432405139	0.8279979310713887	-0.09618362848552854	0.10777098232054967
1,3,7	-0.02933746991517887	0.02668536545920729	0.271640251468878	-0.13139363929576056	0.07271869946540281
1,3,8	-0.026128236764354676	0.026683551947705112	0.32752224499142923	-0.12817747050684952	0.07592099697814017
1,3,9	-0.01816110092704651	0.02667502715636833	0.4960041089853997	-0.12017773224744109	0.08385553039334807
1,3,10	0.0036137832321020205	0.026660591142152308	0.8921829079627102	-0.0983476386397181	0.10557520510392215
1,3,11	-0.05478883415221489	0.026672879731308437	0.04000470534205698	-0.15679725280728252	0.04721958450285273
1,3,12	0.019790751143489244	0.026691577785006807	0.4584404087635898	-0.08228917680899628	0.12187067909597477
1,3,13	0.05195256976476369	0.02665608255459765	0.05133796417146396	-0.04999160935368854	0.15389674888321592
1,4,5	0.012334655132577043	0.02675484650754134	0.6447956714553107	-0.08998723928176368	0.11465654954691777
1,4,6	0.04336487182522537	0.026729184240499377	0.10476952475395845	-0.05885887918253814	0.1455886228329889
1,4,7	-0.028605250101880156	0.026723751526320543	0.2844756291382452	-0.13080822410363718	0.07359772389987686
1,4,8	4.4847849997352654e-05	0.026719962288891043	0.9986608496482671	-0.10214363449874035	0.10223333019873505
1,4,9	0.03129000728369977	0.02671841782630265	0.24159946240800356	-0.07089256838424828	0.13347258295164782
1,4,10	-0.03518418433575151	0.02671032824885734	0.18780010639923422	-0.13733582202433262	0.06696745335282961
1,4,11	-0.04307098331188141	0.02673065794377579	0.10716276964934923	-0.14530037038677784	0.05915840376301502
1,4,12	0.030873716156243645	0.0267253898140497	0.24804162331720273	-0.07133552335348389	0.1330829556659712
1,4,13	0.012902096784309166	0.026716844118123705	0.6291684580203731	-0.08927446035529189	0.11507865392391022
1,5,6	0.041209006350545696	0.0266816313067951	0.12252178530744852	-0.060832882045514555	0.14325089474660596
1,5,7	0.006621293500432722	0.026698793645815375	0.8041422658445609	-0.09548623096797954	0.10872881796884498
1,5,8	0.004419790259026734	0.026689116701101762	0.8684746355878947	-0.09765072546351361	0.10649030598156708
1,5,9	0.02102059277189585	0.026672752882888524	0.4306707362654125	-0.08098734076094818	0.1230285263047399
1,5,10	-0.029345258861782603	0.02667870664255242	0.2713934171882522	-0.1313759620998285	0.07268544437626329
1,5,11	0.010970958114592132	0.02669456023350359	0.6810996624422216	-0.09112037598743336	0.11306229221661762
1,5,12	0.07252111109447604	0.026698656871342295	0.006618992246965054	-0.02958589029027027	0.17462811247922233
1,5,13	-0.028397805922079793	0.026677282068406784	0.2871435816285812	-0.13042306098365142	0.07362744913949182
1,6,7	0.012210218285084848	0.026658950054423276	0.6469560901988086	-0.0897449273703762	0.11416536394054591
1,6,8	0.02468055136637872	0.02665344481629478	0.3544900374780562	-0.07725353992069525	0.1266146426534527
1,6,9	-0.002839538717175802	0.02664551793051539	0.9151355368610918	-0.10474331422689989	0.09906423679254828
1,6,10	0.008625867991990423	0.02664083647355983	0.7461119832666764	-0.09326000363836823	0.11051173962234906
1,6,11	-0.009863750432114796	0.026657477239552096	0.7113807338140978	-0.11181326341808182	0.09208576255385223
1,6,12	-0.03191879126478239	0.02665995625548959	0.23124942609914687	-0.13387778506040146	0.07004020253083668
1,6,13	0.04257712384926614	0.02664213988914032	0.11006549589995046	-0.059313732595764	0.14446798029429628
1,7,8	0.01611749208221809	0.026668240455011868	0.5456180774720945	-0.08587318401023594	0.11810816817467212
1,7,9	-0.00692078985912392	0.026654144670770815	0.7951405988496032	-0.10885755768690547	0.09501597796865763
1,7,10	-0.002926193952644967	0.026645137877500273	0.9125546971018585	-0.10482851597825081	0.09897612807296087
1,7,11	0.0025735098935342985	0.026664011209437868	0.9231134872629105	-0.09940099176790765	0.10454801155497626
1,7,12	-0.0027576145397202375	0.026670734411930148	0.9176527737413984	-0.10475782858248149	0.09924259950304103
1,7,13	0.004215219367182678	0.02664727942965224	0.8743152440150392	-0.09769529286325632	0.10612573159762168
1,8,9	-0.012244557548920655	0.02665860761599896	0.6460267630662974	-0.11419839357443165	0.08970927847659033
1,8,10	0.011070546011273339	0.02665109295336121	0.677871223855885	-0.09085455075323076	0.11299564277577745
1,8,11	0.023052460720635423	0.026663110904192943	0.38729909049226097	-0.07891859779123787	0.1250235192325087
1,8,12	0.005841889539221325	0.026665624692194582	0.8265948976735227	-0.09613878276544317	0.10782256184388582
1,8,13	4.39984297756664e-06	0.026646368782980347	0.9998682584107783	-0.10190262968788459	0.10191142937383972
1,9,10	-0.009692095944912583	0.02664484394727987	0.7160552987198721	-0.11159329385653896	0.09220910196671381
1,9,11	0.02620197887581254	0.02666353150673643	0.3257958630330908	-0.07577068819879473	0.1281746459504198
1,9,12	0.008530507972936703	0.0266434924826773	0.7488477740720482	-0.09336552136415385	0.11042653731002725
1,9,13	0.0032346022522573223	0.02664003590692228	0.9033629588307697	-0.09864820767132096	0.10511741217583562
1,10,11	0.023213614714513345	0.026651528240993348	0.3837828148090492	-0.0787131467747397	0.1251403762037664
1,10,12	-0.004043039896991873	0.026642927382729904	0.879389436894595	-0.1059369080519155	0.09785082825793176
1,10,13	-0.017507651242475664	0.02664182254339322	0.5111077247763568	-0.11939729402260893	0.0843819915376576
1,11,12	0.03441317911292404	0.026651695701155532	0.1966725271002971	-0.0675142228151007	0.13634058104094876
1,11,13	0.0020923809191761202	0.02665562644704012	0.9374352478416932	-0.09985005385029133	0.10403481568864356
1,12,13	0.03639294240013615	0.0266429759625542	0.17200114794060145	-0.06550111154466487	0.13828699634493716
2,3,4	-0.3859375244392582	0.026771367945191245	2.0392058457836687e-46	-0.4883226038469537	-0.28355244503156274
2,3,5	0.079757949120187	0.026751208862035074	0.0028790541254711567	-0.02255003339302193	0.1820659316333959
2,3,6	0.04285641586399638	0.026680162686662977	0.10825484445946854	-0.059179855905033274	0.14489268763302604
2,3,7	0.07980561408047677	0.026705769906324082	0.0028153143735111037	-0.022328590570569976	0.18193981873152354
2,3,8	-0.005221247794470963	0.026691794877869497	0.8449194714196322	-0.10730200600225127	0.09685951041330935
2,3,9	-0.059487436656984236	0.02669278295959504	0.02587403103003553	-0.1615719737088691	0.04259710039490065
2,3,10	0.03551588500845518	0.026683211781697785	0.18322804290866232	-0.06653204779477712	0.13756381781168747
2,3,11	0.048659696387712545	0.026691282496888735	0.06833976045696462	-0.0534191022576162	0.1507384950330413
2,3,12	0.024113735340376224	0.02671309321839281	0.3667212434533873	-0.07804847676584499	0.12627594744659743
2,3,13	-0.027100592148091615	0.02667086658617565	0.30961289054499114	-0.12910131168129507	0.07490012738511186
2,4,5	-0.16476234324770733	0.02678829268345522	8.169611899275207e-10	-0.26721215004156623	-0.06231253645384842
2,4,6	-0.017805786238438814	0.02674120605453084	0.5055263606465019	-0.1200755137680878	0.08446394129121017
2,4,7	0.09955573332912046	0.026727899393191812	0.00019709637476577672	-0.0026631038769321658	0.2017745705351731
2,4,8	0.04678694589808297	0.026737373065165528	0.0801866847706317	-0.055468122652565004	0.14904201444873094
2,4,9	0.06331872452670653	0.026747771735592795	0.017949139770480255	-0.03897611295542115	0.1656135620088342
2,4,10	0.07765496879654843	0.026733793586648215	0.003687568452403505	-0.02458641030823397	0.17989634790133083
2,4,11	-0.11524040944932627	0.02675216442124014	1.673284686542277e-05	-0.2175520464267109	-0.012928772471941671
2,4,12	-0.009167976655556895	0.026774445471445515	0.7320492706706978	-0.11156482583051147	0.09322887251939768
2,4,13	-0.06276671648389674	0.02673382206345952	0.01891177592698961	-0.16500820449609815	0.039474771528304683
2,5,6	0.018811188296013484	0.02670450785320159	0.48119591454807453	-0.08331818972796559	0.12094056631999256
2,5,7	0.038016940615968706	0.026728624103461787	0.15497713110048753	-0.06420466818990246	0.1402385494218399
2,5,8	-0.06358706061882748	0.02671001763507964	0.017310336369002005	-0.1657375103884214	0.03856338915076646
2,5,9	0.02449589938331306	0.026702566306542438	0.35898659862154225	-0.07762605334176913	0.12661785210839524
2,5,10	-0.05429004539299208	0.026706933643587956	0.042111602603309525	-0.1564287006695136	0.047848609883529444
2,5,11	0.0768726071092542	0.026709461757062118	0.004013465033830601	-0.025275716746748722	0.17902093096525712
2,5,12	-0.15685864721653306	0.026724373514117723	4.581321933124476e-09	-0.25906399996375185	-0.05465329446931427
2,5,13	-0.006481592713539623	0.026695190638351903	0.8081678012052677	-0.1085753377514047	0.09561215232432545
2,6,7	-0.007780865905592214	0.026659026082034062	0.7703980975369913	-0.10973630232292184	0.09417457051173742
2,6,8	0.03049863847414681	0.026658439418776752	0.2526432333437726	-0.07145455429376196	0.1324518312420556
2,6,9	0.03573706742599789	0.026661786193702266	0.1801658268007973	-0.06622892483042452	0.1377030596824203
2,6,10	-0.040390548291592936	0.026647150602203313	0.12962881276811034	-0.14230056783116102	0.061519471247975153
2,6,11	0.0021380621632710196	0.02666738396950541	0.9361003437576348	-0.09984933836490219	0.10412546269144422
2,6,12	0.016559446350035853	0.02667880789998062	0.5348204852165022	-0.08547164413941416	0.11859053683948587
2,6,13	0.00991945343939339	0.026646762115641622	0.7097130853963523	-0.09198908036259308	0.11182798724137986
2,7,8	0.027126782349841914	0.02667545287738382	0.30922877591346476	-0.07489147710849711	0.12914504180818095
2,7,9	-0.04156657895971533	0.02666748462420328	0.11911518370100953	-0.14355436443419592	0.06042120651476526
2,7,10	-0.005595852424180793	0.0266661906548856	0.8337925629496092	-0.1075786892105102	0.0963869843621486
2,7,11	-0.02404177193195696	0.026667311279181736	0.367331408454755	-0.1260288944614647	0.07794535059755078
2,7,12	0.1231443327988605	0.026692475085022503	4.034552684359109e-06	0.02106097319007906	0.22522769240764196
2,7,13	-0.02982030969457979	0.02665471144923765	0.2632815396378331	-0.1317592451238994	0.07211862573473982
2,8,9	0.0645877554835148	0.026664996947325503	0.01545369613742614	-0.03739051605820026	0.16656602702522985
2,8,10	-0.006385338161420735	0.026667974629055805	0.8107729974292804	-0.10837499762253655	0.09560432129969507
2,8,11	0.0047411133676834374	0.02667218086980753	0.8589208001500774	-0.09726463254423515	0.10674685927960201
2,8,12	-0.04133300802476644	0.026683006227441675	0.1214199501017751	-0.14338015470123533	0.06071413865170246
2,8,13	-0.013223442175375527	0.026648001603915613	0.6197510580871377	-0.11513671630686691	0.08868983195611586
2,9,10	-0.0021006041127894157	0.02667073651961105	0.9372253829192065	-0.10410082621621747	0.09989961799063862
2,9,11	0.015004713085939965	0.026673021558324697	0.573765268437604	-0.08700424797586426	0.11701367414774419
2,9,12	0.05283762919334412	0.02668497114766884	0.04773879174021222	-0.049217032172471246	0.15489229055915948
2,9,13	0.0052307460436198	0.02664955839413654	0.8443978639168949	-0.09668848191476295	0.10714997400200255
2,10,11	-0.10516407796459333	0.026677650784292378	8.162288169856253e-05	-0.2071907431522856	-0.0031374127769010496
2,10,12	0.028458457173775514	0.026679074189396097	0.28614788248467016	-0.07357365171947831	0.13049056606702936
2,10,13	0.0056303968167657654	0.02665617703557569	0.8327197530967148	-0.09631414363706757	0.1075749372705991
2,11,12	-0.03467165447489243	0.026679850470366105	0.1938020991808695	-0.1367067321962211	0.06736342324643622
2,11,13	0.028871670456406116	0.02665143005085072	0.278711573481826	-0.07305471551204537	0.1307980564248576
2,12,13	0.013362656809114552	0.02666757434106542	0.6163295727368592	-0.08862547178074487	0.11535078539897398
3,4,5	0.30156584587276986	0.026810469976607968	4.325792949905355e-29	0.19903122369237036	0.40410046805316935
3,4,6	0.0037778826870872757	0.026744765858911022	0.8876712706930846	-0.09850545904617233	0.10606122442034688
3,4,7	0.12599371469722698	0.026762920096141687	2.5550752211854703e-06	0.02364094345165209	0.22834648594280188
3,4,8	-0.006025320563720966	0.026751565454250455	0.821805359803164	-0.10833466683698739	0.09628402570954545
3,4,9	0.12696300683570444	0.026738676785112693	2.0943472128133182e-06	0.024702952306357523	0.22922306136505136
3,4,10	0.03164850200317303	0.026729452366651224	0.23644302737282388	-0.07057627443285414	0.13387327843920022
3,4,11	-0.1299117192624726	0.026748230573678936	1.2200149885747958e-06	-0.232208311536286	-0.027615126988659228
3,4,12	0.4806410788414811	0.026783585633188115	2.3226572001865926e-70	0.3782092738066791	0.5830728838762831
3,4,13	0.06413123295182663	0.026733764990558344	0.016472397476664763	-0.038110036789364865	0.16637250269301812
3,5,6	-0.0004756196216002123	0.026723060555159484	0.9858004561815089	-0.1026759510562184	0.10172471181301798
3,5,7	0.0544281944997021	0.026745292689613512	0.04188466457754124	-0.047857162057880986	0.15671355105728518
3,5,8	0.028182838686505094	0.026723641590594486	0.29164508879729895	-0.07401971487435159	0.1303853922473618
3,5,9	-0.030303126210484775	0.02672060381360548	0.2568045814178863	-0.13249406202215214	0.0718878096011826
3,5,10	0.044282869665615836	0.026707881469431094	0.09735548211923728	-0.057859410499421386	0.14642514983065305
3,5,11	0.03732375731248816	0.02672588458566971	0.16259859623437153	-0.06488737441401767	0.13953488903899397
3,5,12	0.2507034891969042	0.026749763073060342	9.530423133213129e-21	0.14840103599468485	0.3530059423991236
3,5,13	0.0048267426020573885	0.026699548643672806	0.8565458166207327	-0.09728366929876939	0.10693715450288416
3,6,7	-0.00510929051513683	0.02667634599547165	0.8481171004628342	-0.10713096563630378	0.09691238460603013
3,6,8	0.01320557146861709	0.026672415590110292	0.6205443212472281	-0.08880107211341257	0.11521221505064674
3,6,9	-0.039291731326249676	0.026672761712888626	0.14077046846661448	-0.14129969862876374	0.06271623597626438
3,6,10	0.01674460683634324	0.026653357491601595	0.529870695648988	-0.08518915048402181	0.1186783641567083
3,6,11	-0.01506230163548497	0.026676697307518402	0.5723486043741229	-0.11708532032310237	0.08696071705213243
3,6,12	0.0483248832862814	0.026684329035566414	0.0701884279458552	-0.05372732237018321	0.150377088942746
3,6,13	-0.006797439569067507	0.026652412561234632	0.7986998414996394	-0.1087275830744473	0.09513270393631229
3,7,8	-0.16847713052407548	0.02669133090284651	2.9305886122864694e-10	-0.27055611429434223	-0.06639814675380876
3,7,9	0.04493091751429527	0.026686847765910595	0.09229905394167309	-0.05713092083657718	0.14699275586516772
3,7,10	-0.09477004012995882	0.026673837109935265	0.0003836161882579564	-0.1967821202074435	0.007242039947525883
3,7,11	-0.002913199884093694	0.026688302344766414	0.9130817043050599	-0.10498060116219356	0.09915420139400617
3,7,12	0.07365651468862137	0.02671213582399545	0.005841869372096475	-0.028502035934869524	0.17581506531211227
3,7,13	0.06862250700403845	0.026666361358985778	0.010092687165647376	-0.033360982627259034	0.17060599663533593
3,8,9	0.00670782993707569	0.026688358394039095	0.8015596464799907	-0.09535978569724407	0.10877544557139546
3,8,10	0.003768562285806406	0.026674102148334006	0.8876516857901764	-0.09824453141106289	0.1057816559826757
3,8,11	-0.03576764297098637	0.026682389324115614	0.1801297911631754	-0.13781243034717017	0.06627714440519744
3,8,12	0.05716912676198649	0.02669778810559517	0.032282560834958715	-0.04493455209362392	0.15927280561759688
3,8,13	-0.02118426011148132	0.02665598009006055	0.42679992515118437	-0.1231280473620324	0.08075952713906975
3,9,10	-0.01961648979830884	0.02666361962889919	0.46193772162118096	-0.12158949388948732	0.08235651429286965
3,9,11	-0.07829153680984727	0.026683460203758336	0.003356745702219536	-0.18034041968453085	0.0237573460648363
3,9,12	0.016329327610296474	0.02668351488598425	0.5405830371635691	-0.08571976439243964	0.11837841961303258
3,9,13	-0.01605840079076507	0.026653846863903454	0.5468754086457153	-0.11799402967862299	0.08587722809709286
3,10,11	0.016680544374981447	0.02666087575266125	0.5315618565102349	-0.08528196596828391	0.1186430547182468
3,10,12	-0.022326497401546103	0.026679498613788055	0.4027119969047783	-0.12436022947390539	0.07970723467081318
3,10,13	-0.011675300073183589	0.026646199279788958	0.6612844772236357	-0.11358168135186282	0.09023108120549565
3,11,12	-0.005721580237820861	0.026686850315213513	0.8302440576272445	-0.10778342833831021	0.09634026786266849
3,11,13	0.01597269835296495	0.026655958281171406	0.5490486979926754	-0.08597100549113296	0.11791640219706287
3,12,13	0.015301495287444638	0.026669194675880154	0.566155227169548	-0.08669283015081691	0.11729582072570618
4,5,6	-0.002877188075283541	0.02674621010592497	0.91433712202802	-0.10516605322241987	0.09941167707185278
4,5,7	0.026419078267849755	0.026764571279841158	0.3236336949730938	-0.07594000780536238	0.12877816434106187
4,5,8	0.0820567673732467	0.026749343051555793	0.002166387753988474	-0.02024407948837835	0.18435761423487174
4,5,9	0.0573151368164471	0.026740863966128677	0.03212080882747189	-0.04495328242188514	0.15958355605477934
4,5,10	0.10558511597446185	0.026738989591689667	7.93762116645637e-05	0.0033238651399321723	0.20784636680899155
4,5,11	-0.12018376636635175	0.026759519627667663	7.200003928692109e-06	-0.2225235327764827	-0.017843999956220796
4,5,12	0.24405038941867757	0.026776850366890825	1.0307525823609081e-19	0.1416443429023081	0.34645643593504705
4,5,13	0.02843911360056449	0.02673644086515591	0.28751062757816426	-0.07381238982139063	0.1306906170225196
4,6,7	-0.0027753279336674725	0.0267142970218657	0.9172603771583545	-0.10494214389556074	0.0993914880282258
4,6,8	0.016653732043074864	0.02673013020500926	0.5332846932810003	-0.08557363673467558	0.11888110082082531
4,6,9	-0.02137050628339795	0.026723358497644612	0.42391670388904257	-0.1235719771765997	0.0808309646098038
4,6,10	0.02603728794562515	0.026711847442903166	0.32972127701740794	-0.07612015978610863	0.12819473567735892
4,6,11	0.022839231345075296	0.026731649433376022	0.3929201389335917	-0.07939394760708565	0.12507241029723623
4,6,12	-0.034503729524844776	0.026733887015054244	0.19687457303609557	-0.13674546593952594	0.06773800688983639
4,6,13	-0.0010113752643204042	0.026719884710235987	0.9698075888843667	-0.10319956091933763	0.10117681039069681
4,7,8	-0.09260002840239873	0.026730451603078437	0.0005351309271507613	-0.19482862634284648	0.009628569538049025
4,7,9	0.07559644418558101	0.02671966945699165	0.0046797776070476825	-0.02659091824962319	0.1777838066207852
4,7,10	-0.005908688531175326	0.02671243490365501	0.8249464663883697	-0.1080683829622877	0.09625100589993706
4,7,11	0.013206188532130009	0.026728778762709824	0.6212650933886517	-0.08901601175638126	0.11542838882064128
4,7,12	0.03952158077072263	0.0267305798234698	0.1393171078489837	-0.06270750753895013	0.14175066908039538
4,7,13	0.002741689247361052	0.02670766024663351	0.9182394532761095	-0.09939974486775659	0.1048831233624787
4,8,9	0.019940829505243646	0.0267264904792781	0.4556289408101226	-0.08227261941571165	0.12215427842619894
4,8,10	-0.039283421615247734	0.026721602813327507	0.14158198527568702	-0.1414781780260745	0.06291133479557906
4,8,11	0.021116568356852376	0.026727895298140292	0.4295224477245696	-0.08110225318798428	0.12333538990168905
4,8,12	0.008070647679945793	0.02673282872484663	0.7627375329657821	-0.09416704138358153	0.11030833674347312
4,8,13	-0.00413511391856906	0.026712787752294194	0.8769844390025857	-0.10629615779271386	0.09802592995557573
4,9,10	-0.006060575901450651	0.02671839277671901	0.820561650169028	-0.10824305576915362	0.09612190396625232
4,9,11	0.0640152670947012	0.026725208344636913	0.016633586530904375	-0.03819327839893137	0.1662238125883338
4,9,12	-0.08550389282806842	0.026723953445428966	0.0013830085499319802	-0.18770763905424043	0.016699853398103592
4,9,13	0.020846134770887363	0.02671646645829622	0.43525799410074006	-0.08132897803716121	0.12302124757893595
4,10,11	0.045158928080427235	0.026718069108626643	0.09103616181848449	-0.057022313943045785	0.14734017010390027
4,10,12	0.016789334558293914	0.02671095180108894	0.5296611962349577	-0.08536468785881052	0.11894335697539835
4,10,13	0.005342383979542986	0.02670089240403777	0.8414220910421479	-0.09677316703154343	0.10745793499062939
4,11,12	0.10563451022392925	0.026731658630982383	7.841244350936634e-05	0.003401296096215839	0.20786772435164266
4,11,13	0.010423741316852846	0.0267303237156246	0.6965790322934091	-0.0918043675276644	0.1126518501613701
4,12,13	-0.04241465296068343	0.02671616589629548	0.11242372016832042	-0.14458861629200837	0.059759310370641514
5,6,7	-0.04154989663496625	0.026698726748470684	0.1196961502923436	-0.14365716525952466	0.06055737198959214
5,6,8	-0.0009112515556916456	0.026686644311407503	0.9727614697417538	-0.10297231181014789	0.1011498086987646
5,6,9	0.00295474671801565	0.026681825482170213	0.9118258224034534	-0.09908788428713505	0.10499737772316636
5,6,10	-0.022959895485509908	0.026671838935977306	0.3893631606910062	-0.12496433369726048	0.07904454272624067
5,6,11	0.00639798370021036	0.02668789041844998	0.8105441741044423	-0.09566784219673212	0.10846380959715284
5,6,12	0.0037153142377236385	0.02670537409567555	0.8893576791729804	-0.09841737666532326	0.10584800514077054
5,6,13	-0.01642429699846023	0.0266678180351233	0.5379917721173554	-0.11841335757788099	0.08556476358096052
5,7,8	-0.051112347278814564	0.026700491008136523	0.0556265724324593	-0.15322636318152297	0.051001668623893846
5,7,9	0.06419224424259187	0.02670225906326341	0.016243900910102946	-0.03792853345372134	0.16631302193890507
5,7,10	-0.0138604046392242	0.026693508988487026	0.6036088940617077	-0.11594771833389814	0.08822690905544975
5,7,11	-0.014587517852398821	0.026701120016309487	0.5848601252730732	-0.11670393934946718	0.08752890364466953
5,7,12	0.048777897010901065	0.026712872735029678	0.06789394019145246	-0.05338347187331189	0.15093926589511403
5,7,13	-0.021551532403814324	0.02669015632003982	0.41942390514977745	-0.12362602407064503	0.08052295926301638
5,8,9	0.043447996739655756	0.026683348091169054	0.10351255882264934	-0.0586004573688781	0.14549645084818963
5,8,10	0.016967471493240065	0.026680818156249262	0.5248356263577445	-0.08507130706983085	0.11900625005631096
5,8,11	0.020930528359176165	0.02668982740245681	0.4329426208711893	-0.08114270538714319	0.12300376210549552
5,8,12	0.01362529885213672	0.0267013959858008	0.6098693268322217	-0.08849217806945608	0.11574277577372952
5,8,13	0.02097469063159871	0.02667660905614961	0.43174447673731364	-0.08104799054530873	0.12299737180850615
5,9,10	-0.04749551499278641	0.02667121878700868	0.07499432891032973	-0.14949758149153647	0.054506551505963646
5,9,11	0.004040373859695872	0.026683159284257275	0.879648708388248	-0.09800735817103103	0.10608810589042277
5,9,12	-0.05193544234010568	0.026688992779965368	0.05170277361710679	-0.1540054841355977	0.05013459945538634
5,9,13	0.027116083878468172	0.026667910268337255	0.30928279876159487	-0.07487332943992932	0.12910549719686565
5,10,11	-0.029706522410376246	0.02668126662037887	0.2655832961018985	-0.13174701609071776	0.07233397126996528
5,10,12	0.07282917571530406	0.026687174124081666	0.006369441737092914	-0.02923391076780163	0.17489226219840975
5,10,13	-0.011882159517231499	0.02667072981994617	0.6559634779077563	-0.11388235599829605	0.09011803696383305
5,11,12	-0.02855154913764031	0.02670127549830164	0.2849753739137245	-0.13066856526387166	0.07356546698859102
5,11,13	0.04631574069990442	0.02667615414349735	0.08257074035480969	-0.05570520069784342	0.14833668209765227
5,12,13	-0.02920144382926289	0.026679451748597795	0.27376245660007875	-0.13123499666923347	0.07283210901070768
6,7,8	-0.029663121290593425	0.026657466933676408	0.2658555804860299	-0.13161259486251548	0.07228635228132861
6,7,9	-0.03220910011865988	0.02665280489669947	0.2269096565227709	-0.13414074408146137	0.0697225438441416
6,7,10	0.007555732056113701	0.026643350915495027	0.7767350236760882	-0.09433975586795573	0.10945121998018315
6,7,11	0.004953736086154513	0.02664706682360793	0.8525274800876154	-0.09695596304848848	0.10686343522079751
6,7,12	-0.012093700951918404	0.026656287499625456	0.6500664834239173	-0.11403866386718628	0.08985126196334947
6,7,13	0.009278255109465323	0.026638361145180086	0.7276226928672782	-0.092598149814028	0.11115466003295865
6,8,9	-0.012198478520438196	0.026654375056009354	0.647216049270197	-0.11413612743920436	0.08973917039832797
6,8,10	-0.04538983749909145	0.026646716139337934	0.08854115376445917	-0.1472981954681689	0.05651852046998601
6,8,11	-0.007225315106548308	0.026657311640658536	0.7863652828540617	-0.10917419477202527	0.09472356455892865
6,8,12	0.026830567856409436	0.026659469288490244	0.31425114137445354	-0.07512656357061498	0.12878769928343387
6,8,13	-0.005261678442256572	0.026645169583311618	0.8434641147532606	-0.10716412172434878	0.09664076483983564
6,9,10	0.019416316447764537	0.026649160384721135	0.46627801110292477	-0.08250138935360013	0.1213340222491292
6,9,11	0.0006951400539803847	0.0266572247460627	0.9791967153950147	-0.10125340728966255	0.10264368739762332
6,9,12	0.01536444762505992	0.026662141588968066	0.5644558412647553	-0.08660290381377649	0.11733179906389633
6,9,13	0.007683963331662146	0.026647998808101134	0.7730874419552688	-0.09422930010744743	0.10959722677077172
6,10,11	-0.040614033572342965	0.026646445450945584	0.12751073111147018	-0.14252135631406102	0.06129328916937509
6,10,12	-0.0488363380333328	0.026635182806545643	0.06676878386306659	-0.15070058764021554	0.053027911573549955
6,10,13	0.045153508405597946	0.026635007414892848	0.09007111098015089	-0.05671007042912495	0.14701708724032084
6,11,12	-0.0104470220314542	0.026656192040913282	0.6951318833435045	-0.11239161987207046	0.09149757580916205
6,11,13	-0.02086804097894912	0.026651601140512616	0.4336585419803465	-0.12279508126692042	0.08105899930902218
6,12,13	-0.06146696638350179	0.026640840519513233	0.021071648090285482	-0.16335285348730433	0.040418920720300754
7,8,9	-0.0466547152067363	0.02665917559428469	0.08015687508322591	-0.14861072342240228	0.05530129300892967
7,8,10	-0.01918856928351939	0.026660043967648976	0.4717041340584365	-0.12114789852768268	0.0827707599606439
7,8,11	-0.010689516849172154	0.026657966167894283	0.6884420368653126	-0.11264089970474174	0.09126186600639742
7,8,12	-0.10002054089851006	0.02666569477883252	0.0001776917169131334	-0.2020014812442401	0.0019603994472199987
7,8,13	-0.02536976104263584	0.026652657341474265	0.3411994408005149	-0.12730084069159722	0.07656131860632555
7,9,10	-0.05860369276921579	0.026651644619973353	0.027920923932120357	-0.16053089934110837	0.04332351380267681
7,9,11	-0.03767162479506511	0.026661870196244972	0.15772008303362464	-0.13963793831288226	0.06429468872275204
7,9,12	-0.02932753515258826	0.026660424774992933	0.2713544352006993	-0.1312883207657436	0.07263325046056707
7,9,13	0.04737107434403592	0.026642782258209107	0.07544819725265885	-0.054522238793093473	0.1492643874811653
7,10,11	0.01056269607212645	0.026655683574796796	0.6919227496774505	-0.09137995717814167	0.11250534932239457
7,10,12	0.008240419887084046	0.026651029936270186	0.7571813099902567	-0.09368443587330395	0.11016527564747204
7,10,13	-0.015650060224903558	0.026643879027935868	0.5569689785417142	-0.11754756787520823	0.08624744742540111
7,11,12	0.03535802908991044	0.02665938470507924	0.18478971850825646	-0.0665987788542322	0.13731483703405306
7,11,13	-0.01092119625788964	0.026654926411326926	0.6820206884342859	-0.11286095379352165	0.09101856127774238
7,12,13	-0.009535560591689982	0.02664811852599461	0.7204800726957161	-0.11144928188286209	0.09237816069948211
8,9,10	0.00674695562416279	0.02665132286711683	0.8001550942619269	-0.09517902042817503	0.1086729316765006
8,9,11	-0.0035190468108951163	0.026675823256624268	0.8950523787809104	-0.10553872275673011	0.09850062913493988
8,9,12	0.034041885456676656	0.02666040743086686	0.20169252426064235	-0.06791883382517544	0.13600260473852874
8,9,13	-0.056538086316804986	0.026646879006471298	0.03389534110989082	-0.1584470671589615	0.04537089452535152
8,10,11	-0.008376056709253565	0.026657536100570752	0.753371610888417	-0.11032579480475109	0.09357368138624396
8,10,12	-0.03617145046831106	0.026644379861317805	0.1746480813019965	-0.13807087351814573	0.0657279725815236
8,10,13	0.0053450510342338	0.026648723195612282	0.8410375209940256	-0.09657098277032751	0.10726108483879511
8,11,12	-0.023063104572988227	0.02665853287349616	0.38699844017059903	-0.1250166547514293	0.07889044560545284
8,11,13	0.003313278819987749	0.02664713361424514	0.9010505963672812	-0.0985966757504144	0.1052232333903899
8,12,13	-0.013826826537578111	0.026644150687416927	0.603816923217497	-0.11572537312909777	0.08807172005394155
9,10,11	0.03583959292595323	0.026650415883919035	0.17873425406163432	-0.06608291443748837	0.13776210028939484
9,10,12	-0.04638384863097691	0.02664877068585903	0.08180650195277148	-0.14830006405840837	0.05553236679645456
9,10,13	-0.013450182429712975	0.0266429171390262	0.6136939315661303	-0.11534401140836369	0.08844364654893773
9,11,12	0.026422638893646155	0.026654724350329093	0.3215785991350634	-0.07551634587492552	0.12836162366221782
9,11,13	-0.02726183392450752	0.026648718949623562	0.3063415581036883	-0.1291778514906049	0.07465418364158988
9,12,13	0.012797108305310494	0.026630605859886615	0.6308582671397647	-0.08904963711396074	0.11464385372458175
10,11,12	0.05050480097892204	0.026637643967810938	0.05800414877940603	-0.051368861153764336	0.1523784631116084
10,11,13	0.020516367267283023	0.026646219047273753	0.4413543960044438	-0.08139008961065228	0.12242282414521832
10,12,13	-0.033893361972712005	0.026635953856569746	0.20325180839445572	-0.13576056040231113	0.06797383645688712
11,12,13	0.024604546024509143	0.026642916944328472	0.3557838322343234	-0.07728928220953477	0.12649837425855306
