Params:	378
Performance_R2:	0.8797645094247893
Alpha:	0.05
Alpha_Bonf:	0.00013227513227513228
Term	Coefficient	StdErr	p_value	CI_lower	CI_upper
Intercept	6.874338613450884	0.059526140596404056	0.0	6.646692561400606	7.101984665501162
1	-0.01151808988647729	0.05486673656796727	0.8337295804571098	-0.22134516490660502	0.19830898513365044
2	-0.02026265921967152	0.05479957643227244	0.7115728840435033	-0.2298328934704682	0.18930757503112516
3	0.3097257478755058	0.0551438659992462	2.0208430765074194e-08	0.09883884568859885	0.5206126500624126
4	0.7885316086799882	0.05492122177273545	4.263441654654176e-46	0.5784961656783929	0.9985670516815834
5	0.2348717204245513	0.05458525458912048	1.7090341216180515e-05	0.026121118035871832	0.4436223228132308
6	-0.04083037861958744	0.05436419718253476	0.45264603400390213	-0.24873559030459422	0.16707483306541934
7	0.13898454629959245	0.054684737560380774	0.011057166211495257	-0.07014650920475574	0.34811560180394063
8	-0.09414001290358501	0.05459855795718683	0.0847117569999256	-0.3029414914147366	0.11466146560756657
9	-0.04934665566479915	0.05474122058820803	0.367378183127934	-0.2586937194331452	0.16000040810354688
10	-0.038359482883423696	0.05462710580642011	0.4825739099523305	-0.247270137045934	0.17055117127908662
11	0.29926775022965396	0.05464632647220665	4.489383740244015e-08	0.09028359039988143	0.5082519100594265
12	0.19918685223057778	0.05484719560586744	0.00028359667852604004	-0.01056549221184544	0.408939196673001
13	-0.03901643422762644	0.05448716124140933	0.4739740068949132	-0.24739189784340537	0.1693590293881525
1,2	-0.025050617002777775	0.042954639781170006	0.5597856453728907	-0.18932221374083108	0.13922097973527553
1,3	-0.009258942540252502	0.0431014580253562	0.8299159212823412	-0.17409201686316303	0.15557413178265803
1,4	-0.05939018394656169	0.04298668898976689	0.16714002105101788	-0.22378434659826768	0.10500397870514429
1,5	0.007954991083217622	0.04296714704555333	0.8531235870327348	-0.15636443723488244	0.17227441940131769
1,6	0.0001848172864218206	0.04286063325566909	0.9965596130254579	-0.1637272699288767	0.16409690450172032
1,7	0.04593595441149126	0.04294825867481628	0.2848518352632998	-0.11831123903660265	0.21018314785958517
1,8	0.06873448191096737	0.04293125016756971	0.10941380158530245	-0.09544766583641157	0.2329166296583463
1,9	0.005518982908060986	0.043051719963988946	0.8979989138753598	-0.15912387795243713	0.1701618437685591
1,10	-0.010067061925993465	0.04300184642713429	0.8149082036458337	-0.1745191912246434	0.15438506737265648
1,11	0.06613488198541792	0.04291807614156443	0.12337236695944274	-0.09799688428283837	0.2302666482536742
1,12	0.01546813103077957	0.0430941167117918	0.7196519786102709	-0.14933686787798425	0.1802731299395434
1,13	-0.0030875278305263903	0.04287740805664959	0.9425973752289818	-0.16706376698275344	0.16088871132170063
2,3	0.3020530253812366	0.042966276277117244	2.259397546632767e-12	0.1377369271462687	0.4663691236162044
2,4	0.18829401475508967	0.042993100736346344	1.2060117940897306e-05	0.023875331635889313	0.35271269787429005
2,5	0.2600511325118734	0.04295033843377604	1.4791924609210312e-09	0.09579598543346413	0.42430627959028266
2,6	-0.014090591384789922	0.04279916177310446	0.7419947649608097	-0.17776759296914868	0.1495864101995688
2,7	0.022395627413895114	0.04289481742355312	0.6016131899970012	-0.14164719044819915	0.18643844527598938
2,8	-0.05978821887806962	0.04286323038906682	0.16310198609016202	-0.22371023832076803	0.10413380056462879
2,9	-0.03353167002355498	0.04295076837175709	0.43500514680200975	-0.19778846131546496	0.130725121268355
2,10	-0.03693141309423351	0.042892408428493296	0.38925389952663825	-0.2009650182271086	0.1271021920386416
2,11	0.4745231313922651	0.04287610701463756	3.0874083799968324e-28	0.3105518678200878	0.6384943949644424
2,12	0.13305887087961105	0.042994802030642695	0.0019774091410576056	-0.03136631850601376	0.2974840602652359
2,13	0.014221914815160983	0.042812209523320814	0.7397534482417807	-0.14950498533132744	0.17794881496164944
3,4	0.08716295031988741	0.043092901349003496	0.04314436866986108	-0.0776374006722167	0.2519633013119915
3,5	0.06617020682109354	0.04300227852464394	0.12390773569072472	-0.09828357494975073	0.2306239885919378
3,6	0.008305131084829331	0.04294782026499476	0.8466691165754099	-0.15594038575087127	0.17255064792052993
3,7	-0.11509811526068572	0.043004494158591075	0.007458561150638365	-0.2795603702890905	0.04936413976771903
3,8	-0.1710891411972945	0.04300696863327567	7.014373899818571e-05	-0.33556085936890323	-0.006617423025685715
3,9	-0.16139527086898264	0.043145693371846504	0.00018496401921791619	-0.32639751460030264	0.003606972862337382
3,10	-0.07275682664861402	0.04311259680777549	0.0915323119395784	-0.23763249906064962	0.09211884576342158
3,11	0.14324965394895756	0.04297821015333214	0.0008633468510634069	-0.021112083055444375	0.3076113909533595
3,12	-0.20149731780958302	0.04321868125865956	3.1849960486112622e-06	-0.3667786894016044	-0.036215946217561606
3,13	0.03198314447896519	0.04294314977539689	0.4564303642883091	-0.13224451098511877	0.19621079994304916
4,5	0.40260382832596386	0.04299385216413132	1.0107269515869125e-20	0.23818227151854962	0.5670253851333781
4,6	0.022890900738055886	0.04284889889788447	0.5932035921445102	-0.14097631072692102	0.1867581122030328
4,7	0.21636169503198066	0.042941703438024593	4.808896190751808e-07	0.0521395708015604	0.3805838192624009
4,8	-0.2146868413354353	0.04291799263354302	5.803555339898651e-07	-0.37881828824363906	-0.05055539442723159
4,9	-0.10259951673692741	0.043025814007982735	0.017123852418701006	-0.26714330534865693	0.061944271874802115
4,10	-0.14380469857643352	0.04293869247317816	0.0008150922169782566	-0.30801530796222776	0.020405910809360744
4,11	0.3897602623132872	0.04292965036833317	1.3997726028116976e-19	0.22558423268437897	0.5539362919421954
4,12	0.20787136526762878	0.04300703714140955	1.3704725926829008e-06	0.043399385100095944	0.3723433454351616
4,13	0.021507978904706543	0.04286311169229064	0.6158358994351425	-0.14241358660544695	0.18542954441486004
5,6	0.0008875586751356801	0.042822538961523646	0.9834644670588202	-0.16287884438222877	0.16465396173250013
5,7	0.06689052825157937	0.042927221274349954	0.1192234542456081	-0.09727621178371845	0.2310572682868772
5,8	-0.04660084510837037	0.04288531781623899	0.2772337381994338	-0.21060733358509845	0.11740564336835771
5,9	-0.05545806268143311	0.04298879695055769	0.1970727341932752	-0.21986028681582712	0.1089441614529609
5,10	0.016667665511679683	0.04290248122040568	0.6976569163192041	-0.14740446103866012	0.1807397920620195
5,11	0.7474625675424622	0.04287679848607904	1.1528624796311479e-66	0.5834886595733497	0.9114364755115747
5,12	0.07332957432835151	0.04304974815995861	0.08854332383504515	-0.09130574575428958	0.2379648944109926
5,13	0.021915863892073117	0.04282576180477997	0.6088456344339115	-0.14186286429734807	0.1856945920814943
6,7	0.06269047429600877	0.04285585029797883	0.1435607855927606	-0.10120332143550798	0.22658427002752551
6,8	0.012763396947760006	0.042787352442113055	0.7654842637820394	-0.15086844216594947	0.1763952360614695
6,9	0.018703419885723438	0.042894526851187983	0.6628263185214043	-0.1453382867393396	0.18274512651078648
6,10	-0.0007118825428797451	0.04281199400124397	0.9867337705002767	-0.16443795846744766	0.16301419338168818
6,11	0.046691999793569014	0.042796808009163446	0.2753032169147828	-0.116976000282154	0.21035999986929205
6,12	0.005003319678389934	0.042933897733795925	0.9072315435386925	-0.15918895316685192	0.16919559252363178
6,13	-0.004230410994705398	0.04274231229338345	0.9211611124224397	-0.16769000289165728	0.1592291809022465
7,8	0.16716543519232122	0.04291398079553894	9.896099861856237e-05	0.0030493307718706675	0.33128153961277174
7,9	-0.08581141362258868	0.042978787719770685	0.045907189104405575	-0.2501753594165781	0.07855253217140071
7,10	0.0048427728485441295	0.042920755403156485	0.9101681079711887	-0.15929923973028648	0.16898478542737472
7,11	0.17026832542478976	0.042897799974469485	7.284321642836944e-05	0.006214101381573245	0.33432254946800627
7,12	-0.0722681060228286	0.042998669064811805	0.0928644771506915	-0.23670808412233477	0.09217187207667757
7,13	0.04949804991384124	0.042786139701134596	0.24736427776397799	-0.11412915130980616	0.21312525113748865
8,9	0.1559487163738251	0.042942272192180025	0.00028368345752094676	-0.008275582945333898	0.32017301569298406
8,10	0.024846454986329272	0.04287209159130713	0.5622377028870504	-0.1391094523867173	0.1888023623593758
8,11	-0.03549042828473837	0.042864290998170546	0.4077144904847345	-0.19941650381897594	0.1284356472494992
8,12	-0.06780912308864223	0.04299468167827844	0.11480563213000905	-0.23223385221025022	0.09661560603296576
8,13	0.053384139344978064	0.04276349124528475	0.21194156903143505	-0.11015644730047572	0.21692472599043186
9,10	0.03484411999323663	0.043021097476127625	0.41800722326990847	-0.12968163116729198	0.19936987115376525
9,11	-0.11440123775174936	0.04296177336601929	0.007765566721661276	-0.27870011548621254	0.049897639982713834
9,12	-0.031723196900548395	0.04311806952831608	0.4619203990358831	-0.1966197986591292	0.13317340485803242
9,13	0.005616056067750064	0.04290008150031096	0.8958501274959161	-0.15844689322365585	0.16967900535915598
10,11	-0.07981164233972861	0.04289804532675196	0.06285705954593741	-0.24386680468463756	0.08424352000518036
10,12	0.04437775009228001	0.04307773626572045	0.3029617042693965	-0.12036460501257507	0.2091201051971351
10,13	0.06951707221730666	0.04282890881731555	0.10460547830200412	-0.09427369110444966	0.23330783553906298
11,12	0.14309001651045064	0.04301992231325456	0.0008851064442166506	-0.02143124047011119	0.30761127349101247
11,13	-0.04980252072524126	0.042801149126725835	0.24463408876813827	-0.2134871225538188	0.11388208110333627
12,13	0.00469212600651811	0.04295243140579271	0.9130152047448983	-0.15957102523295172	0.16895527724598794
1,2,3	-0.014616227760114064	0.024883816084027493	0.5569681249185257	-0.10977950283083583	0.0805470473106077
1,2,4	0.05236441001341863	0.024884576440017164	0.03538837578573901	-0.04280177288968513	0.14753059291652237
1,2,5	-0.017975036224284757	0.024877481641340363	0.46998505164718807	-0.11311408646108959	0.07716401401252007
1,2,6	-1.3070218198962813e-05	0.024876010917016834	0.9995807947491105	-0.09514649595822723	0.0951203555218293
1,2,7	-0.031903863944385435	0.024877921594966906	0.19973871930440398	-0.12704459669756313	0.06323686880879227
1,2,8	0.017608556884617238	0.024865991598321056	0.47888293146514893	-0.07748655193577748	0.11270366570501196
1,2,9	0.0014350480331365642	0.02487411540184389	0.9539952655592295	-0.09369112868081009	0.0965612247470832
1,2,10	0.012398924533378472	0.02487869651442446	0.618235210049606	-0.08274477174730836	0.1075426208140653
1,2,11	0.03215746745074638	0.0248713190082327	0.19606946441193004	-0.06295801500418752	0.12727294990568028
1,2,12	-0.027872015388969155	0.02487850833679436	0.26261351120169657	-0.12301499202121	0.06727096124327167
1,2,13	0.010993273344083777	0.024867894149391025	0.6584543651001776	-0.08410911140980107	0.10609565809796861
1,3,4	-0.003253763425678624	0.024889715310906963	0.8959948306014196	-0.09843959893280371	0.09193207208144646
1,3,5	0.03169813216173445	0.024882671665411166	0.2027395462752673	-0.06346076630440167	0.12685703062787057
1,3,6	0.0239623683164758	0.024866550693339748	0.33526025068835696	-0.07113487865318328	0.11905961528613489
1,3,7	-0.017996852631840393	0.024867104583399444	0.469260922484237	-0.1130962178454188	0.07710251258173802
1,3,8	0.03126579146445152	0.024866968587113437	0.20867871125339127	-0.06383305365799899	0.12636463658690203
1,3,9	0.03206954251222778	0.024865490196180545	0.19718995712272838	-0.06302364879400202	0.12716273381845758
1,3,10	0.01855114497394094	0.024872336421687742	0.4557802004455582	-0.0765682283792441	0.11367051832712599
1,3,11	-0.046306086760113496	0.02488686739663834	0.06283338014350394	-0.14148103097757433	0.04886885745734734
1,3,12	-0.0028481002561381117	0.02487748508436614	0.9088565583644805	-0.09798716366011988	0.09229096314784364
1,3,13	-0.02403543057146247	0.0248612919215239	0.3336866250595294	-0.11911256639952028	0.07104170525659534
1,4,5	0.06394940811884298	0.024884629723094017	0.010195071980360309	-0.031216978554939767	0.15911579479262572
1,4,6	0.016781557621739163	0.024863461866154332	0.49973062279581304	-0.07830387673404675	0.11186699197752507
1,4,7	-0.02166104243616168	0.02487458355746562	0.3838874662669124	-0.11678900951948158	0.07346692464715822
1,4,8	-0.0032228307373628196	0.024866430004859483	0.8968821075234998	-0.0983196161575953	0.09187395468286966
1,4,9	-0.042886046422706034	0.02486803640761255	0.08465341961809159	-0.13798897521526327	0.052216882369851184
1,4,10	-0.005351698819998647	0.024870917305576567	0.8296340070983016	-0.10046564504189526	0.08976224740189798
1,4,11	-0.011508219867005481	0.024889670065152036	0.6438307885619663	-0.10669388234061322	0.08367744260660226
1,4,12	-0.008367955319569173	0.024874073821514762	0.7365696735125797	-0.10349397301770068	0.08675806237856233
1,4,13	0.029937124609630866	0.024860804147407798	0.22855675679471987	-0.06513814582196902	0.12501239504123074
1,5,6	-0.010969204915408981	0.024861728577542125	0.659075644153911	-0.1060480106487833	0.08410960081796534
1,5,7	-0.004232247614035012	0.02486088864020244	0.8648285049701223	-0.09930784117175956	0.09084334594368954
1,5,8	-0.057119658304029625	0.02486090049608978	0.021615476767532366	-0.15219529720227043	0.037955980594211194
1,5,9	-0.008852380204250533	0.024866542157705486	0.7218545120673237	-0.10394959453105015	0.0862448341225491
1,5,10	0.0005657258513833141	0.024858000008964334	0.981843715396839	-0.09449882070261152	0.09563027240537815
1,5,11	-0.04196773354142401	0.024879815850685032	0.09168257501247512	-0.13711571050414537	0.053180243421297346
1,5,12	-0.018132740007535557	0.024874220490473425	0.46603985608120857	-0.1132593186123387	0.07699383859726758
1,5,13	0.02203137719400117	0.02485775604804985	0.37548729804407255	-0.07303223637931526	0.1170949907673176
1,6,7	-0.02281949691819951	0.02486181404265336	0.35872714967745034	-0.11789862949613264	0.07225963565973362
1,6,8	-0.02808752560869529	0.024854158125073796	0.258475288055415	-0.12313737963111737	0.06696232841372679
1,6,9	0.010447656413519107	0.024864728642923634	0.6743669460096513	-0.08464262248161492	0.10553793530865313
1,6,10	0.011392322834564698	0.024862259239980707	0.6468103194431982	-0.08368851231324678	0.10647315798237617
1,6,11	0.005429764911594803	0.024863437975148877	0.8271366425448663	-0.0896555780777256	0.10051510790091521
1,6,12	0.010363966591493558	0.024867259961553225	0.6768582208973949	-0.08473599283536543	0.10546392601835253
1,6,13	-0.021093637818568444	0.024862581410818218	0.39623908591252077	-0.11617570504557254	0.07398842940843564
1,7,8	0.015745848621665892	0.02486291629174595	0.5265540316318815	-0.0793374992917785	0.11082919653511028
1,7,9	-0.020241832344862598	0.02486385675564487	0.4156113716721018	-0.11532877687807	0.0748451121883448
1,7,10	0.0008999603331311043	0.024859682240264365	0.9711226349499034	-0.0941710195845969	0.09597094025085909
1,7,11	-0.010446782351417749	0.024867585503953762	0.6744278801374564	-0.10554798675135098	0.08465442204851549
1,7,12	0.0007567712392634388	0.0248696977119962	0.975725420318046	-0.09435251088613886	0.09586605336466572
1,7,13	0.01239179303173199	0.02485460004819677	0.6180969299655719	-0.08265975103901586	0.10744333710247984
1,8,9	-0.017007878695425534	0.02485521571833886	0.49382213150587173	-0.11206177727590319	0.07804601988505214
1,8,10	-0.025359620843957452	0.02485283340742209	0.3075778797129749	-0.12040440874348848	0.06968516705557357
1,8,11	-0.040113867553409274	0.0248639300745835	0.10671641361489978	-0.13520109248052012	0.05497335737370157
1,8,12	-0.007225854274392866	0.02486166195704083	0.7713333561527711	-0.10230440523072379	0.08785269668193807
1,8,13	-0.010134333518802927	0.024855761768058527	0.6834874496153276	-0.10519032035935692	0.08492165332175107
1,9,10	0.0021755285159161947	0.024863213453584155	0.9302766598274135	-0.09290895583470704	0.09726001286653943
1,9,11	0.002662257350065901	0.024860006486634133	0.9147206564960702	-0.0924099625843208	0.09773447728445261
1,9,12	0.03226435779880077	0.02486771736091399	0.1945225475122854	-0.06283735086222064	0.12736606645982218
1,9,13	-0.010817338407441035	0.024851694793634495	0.6633756812166298	-0.10585777190181561	0.08422309508693354
1,10,11	-0.0018312958045614489	0.02486190448383148	0.941284047634162	-0.09691077425704542	0.0932481826479225
1,10,12	0.0344604171941141	0.024866515831250102	0.16584698314950644	-0.060636696452319346	0.12955753084054755
1,10,13	-0.017091594439754002	0.02485406118818662	0.49167815365862555	-0.11214107774605972	0.07795788886655172
1,11,12	0.002631923202649669	0.024868142605708857	0.915716176684519	-0.09247141172370217	0.09773525812900151
1,11,13	0.0009650761447606397	0.02485435922746168	0.9690276250580954	-0.09408554695430914	0.09601569924383042
1,12,13	-0.029347249609380073	0.02485940401685217	0.23782974304139484	-0.12441716551622578	0.06572266629746565
2,3,4	-0.23295011934518683	0.02491578225551487	1.159758621845855e-20	-0.32823564277041894	-0.1376645959199547
2,3,5	0.06241995030518499	0.024910199779585886	0.01223990366545361	-0.03284422403554131	0.1576841246459113
2,3,6	0.009534973864681717	0.02488205601988842	0.7015779863971198	-0.08562157018587646	0.1046915179152399
2,3,7	-0.00860510078349147	0.024885554881060024	0.7295131484459285	-0.10377502554249819	0.08656482397551525
2,3,8	0.05588103872089978	0.024887906883227784	0.02477922601378798	-0.03929788080918632	0.1510599582509859
2,3,9	-0.011860300462780415	0.024881643198887596	0.6336128546636464	-0.10701526576037225	0.08329466483481142
2,3,10	0.0965701997258383	0.024885173013626413	0.00010513672723473548	0.0014017353439498975	0.19173866410772672
2,3,11	-0.007853056899127436	0.024899542303247223	0.7524752066567594	-0.10307647381145324	0.08737036001319837
2,3,12	-0.10530231152131056	0.024897317304733206	2.3721696408533924e-05	-0.20051721936312616	-0.010087403679494941
2,3,13	-0.010414480970170281	0.024877572084681505	0.6754998355128319	-0.105553877089798	0.08472491514945744
2,4,5	-0.3004242824768337	0.024921135546961463	3.864943917938793e-33	-0.3957302785154603	-0.20511828643820718
2,4,6	-0.003790528645142177	0.024880005735136212	0.8789133632806166	-0.09893923178371206	0.0913581744934277
2,4,7	-0.06792878289790516	0.024895930120691835	0.006377922148920143	-0.16313838572637168	0.027280819930561348
2,4,8	0.06514419544682695	0.024883683228790397	0.00886496266113215	-0.03001857154509252	0.16030696243874643
2,4,9	0.06735262212246737	0.024882279618200366	0.006808864528292969	-0.02780477703598877	0.1625100212809235
2,4,10	0.0916039876118655	0.024894041144534	0.00023520181301630653	-0.003598391197700418	0.18680636642143142
2,4,11	-0.36740274712275933	0.02491437623079053	1.7032836906664264e-48	-0.46268289348214486	-0.2721226007633738
2,4,12	0.01043818756737807	0.024892695720344485	0.6749897254102912	-0.08475904593120334	0.10563542106595947
2,4,13	-0.0489924423852252	0.024872835247797064	0.04890998613966756	-0.14411372340104903	0.04612883863059861
2,5,6	0.013158529235041128	0.02487302590232065	0.5968026518315483	-0.08196348090162213	0.10828053937170438
2,5,7	-0.006559316584941022	0.024888770781192945	0.7921380894666429	-0.10174153992339052	0.08862290675350848
2,5,8	0.04075834088276392	0.02487529066122961	0.10136064897956563	-0.054372330380243236	0.1358890121457711
2,5,9	-0.03275494862740042	0.024875491387664928	0.18796335257989955	-0.1278863875292984	0.06237649027449756
2,5,10	-0.031488537716976406	0.02488142887380394	0.2057183561376451	-0.12664268337031345	0.06366560793636064
2,5,11	-0.3488824499331406	0.024901078059022783	5.208534062750488e-44	-0.44411174004227905	-0.25365315982400216
2,5,12	0.021942960038225205	0.024892054770759602	0.3780640180742343	-0.07325182227435456	0.11713774235080496
2,5,13	-0.0048853131808721875	0.024866439429442114	0.8442541582662162	-0.09998213464357283	0.09021150828182847
2,6,7	0.03145735428346075	0.024875159458821617	0.20605334527988686	-0.06367281522166492	0.1265875237885864
2,6,8	0.0002660816463536664	0.02487093287796224	0.9914642990227569	-0.09484792412907832	0.09538008742178565
2,6,9	-0.009664045283028305	0.024870129207078408	0.6975983064292832	-0.10477497757675933	0.08544688701070272
2,6,10	0.037731781904594336	0.02487529351334705	0.12935258948601197	-0.057398900265776695	0.13286246407496538
2,6,11	-0.014424591240175713	0.02486959918557788	0.5619271187785684	-0.10953349657061148	0.08068431409026006
2,6,12	-0.013831254162198478	0.024875668180077293	0.5782180142634095	-0.1089633691720098	0.08130086084761284
2,6,13	-0.0039306140926917785	0.024865189326344395	0.874400673097067	-0.0990226547812317	0.09116142659584814
2,7,8	-0.03151414502465069	0.024875148084613705	0.20523555946087307	-0.12664427103134862	0.06361598098204722
2,7,9	0.06209861087413125	0.024876992921044273	0.012574938031776348	-0.033038570347735816	0.1572357920959983
2,7,10	0.02654372852462336	0.02488165823112166	0.28609919527234534	-0.06861129426079994	0.12169875131004666
2,7,11	-0.038007313615624067	0.024887929362047728	0.1267715269461446	-0.1331863191115491	0.05717169188030098
2,7,12	-0.032117709849566106	0.02488604918281337	0.19688795106451298	-0.12728952496869939	0.06305410526956716
2,7,13	-0.01747125187125307	0.02486382436115843	0.48227994433237287	-0.1125580725180994	0.07761556877559328
2,8,9	-0.028443896377301797	0.02487107879465063	0.25280626091166053	-0.12355846018249529	0.0666706674278917
2,8,10	0.0031371711897438675	0.024870630826088518	0.8996250320850199	-0.09197567944752734	0.09825002182701507
2,8,11	0.011635458328394632	0.024876590994577105	0.6399941670502767	-0.08350018580451374	0.106771102461303
2,8,12	-0.005297557813596462	0.024876550910747953	0.8313691106442335	-0.10043304865376039	0.08983793302656747
2,8,13	-0.033974005040347706	0.024862911421717444	0.17184041113189621	-0.12905733432932304	0.06110932424862763
2,9,10	0.007412704237804213	0.024878877575393157	0.7657488115039288	-0.0877316844750526	0.10255709295066102
2,9,11	0.0030725417523368923	0.024870044646813333	0.901679958913919	-0.09203806715724203	0.09818315066191582
2,9,12	0.02266453642363965	0.024874030824654822	0.3622356217628738	-0.0724613168414324	0.1177903896887117
2,9,13	0.04618362136483309	0.02485855093641891	0.06323112109414114	-0.04888303210317875	0.1412502748328449
2,10,11	-0.09197349789702833	0.02487884100985946	0.00021994548742491188	-0.18711774677217174	0.0031707509781151028
2,10,12	-0.015509257770996591	0.024882520664026003	0.5331080538211419	-0.11066757876194547	0.0796490632199523
2,10,13	0.010642600059885616	0.024864064303727736	0.6686413625162859	-0.08444513820026597	0.1057303383200372
2,11,12	-0.08776438944950436	0.024885992953666353	0.0004235205550686339	-0.182935989531291	0.0074072106322822795
2,11,13	0.023524726579432602	0.02486155672921009	0.3440642698027907	-0.0715534219536941	0.11860287511255932
2,12,13	-0.008622293663306756	0.02486619444538814	0.728791300500247	-0.10371817823253265	0.08647359090591913
3,4,5	-0.14413689646139227	0.024926043187759466	7.671285002623443e-09	-0.23946166080989667	-0.048812132112887874
3,4,6	-0.0076067242938892	0.024895808953778447	0.7599621467081481	-0.10281586374325544	0.08760241515547704
3,4,7	0.043751656876823086	0.024910648657699062	0.0790732542703419	-0.051514234110225196	0.13901754786387138
3,4,8	0.11186808822434269	0.024902118519065423	7.157934696714402e-06	0.01663481907979812	0.20710135736888724
3,4,9	0.06271333354888248	0.02489495233540953	0.011786879836701012	-0.032492529931508723	0.15791919702927368
3,4,10	0.027596999619974204	0.02490680845613502	0.2678952433363914	-0.06765420526922912	0.12284820450917754
3,4,11	-0.19673418667765358	0.024920775362515055	3.3610774498140645e-15	-0.2920388052614945	-0.10142956809381266
3,4,12	0.08978416881441571	0.02490244197435842	0.00031378533691757665	-0.0054503373214696005	0.18501867495030103
3,4,13	-0.01336748933070659	0.024890177267652497	0.5912439594438659	-0.10855509150081846	0.0818201128394053
3,5,6	0.02321204898172191	0.0248867413808243	0.35100303472512573	-0.07196241331296896	0.11838651127641278
3,5,7	0.09730731054197278	0.024899376878436883	9.392754168319255e-05	0.002084526264395467	0.19253009481955008
3,5,8	0.03789080268271658	0.024885467707427448	0.1279018300125073	-0.05727878869782649	0.13306039406325965
3,5,9	-0.018203889522707288	0.024893087583862706	0.464630712888339	-0.11340262162647241	0.07699484258105785
3,5,10	0.05023472283328112	0.02488281559438952	0.043540447792620646	-0.04492472606100925	0.1453941717275715
3,5,11	-0.17235594916919122	0.024915351197803668	4.995653140248132e-12	-0.26763982409873427	-0.07707207423964817
3,5,12	0.011363263982194512	0.024900596640244493	0.6481559560260908	-0.08386418503522922	0.10659071299961825
3,5,13	0.02988568173386498	0.024873923097631416	0.22960298557209477	-0.06523975955033057	0.12501112301806053
3,6,7	-0.009016578227215077	0.024870821192206183	0.7169621060149922	-0.10413015688237381	0.08609700042794366
3,6,8	-0.02548876881552703	0.02486341723239856	0.3053269538936137	-0.12057403247826635	0.0695964948472123
3,6,9	0.0032052100915108683	0.024868393881759994	0.8974508286114637	-0.09189908579082506	0.0983095059738468
3,6,10	-0.03483309941364761	0.024874607068143168	0.16145329841433104	-0.1299611564089435	0.060294957581648295
3,6,11	-0.001319758964143769	0.02487652336949707	0.9576916727435949	-0.09645514447819434	0.0938156265499068
3,6,12	0.009086881790940332	0.024872799792207405	0.7148730093125388	-0.08603426363193344	0.1042080272138141
3,6,13	-0.01968102188215491	0.02486726356761885	0.42871219234913827	-0.11478099509970474	0.07541895133539492
3,7,8	-0.09024048729286044	0.024874636476869487	0.0002878584580928159	-0.1853686567560633	0.004887682170342425
3,7,9	0.04767649275042676	0.02487644249212871	0.05533789586781134	-0.04745858346398801	0.14281156896484154
3,7,10	-0.047733689153925944	0.02487494391428078	0.055031490038271555	-0.14286303435122197	0.04739565604337007
3,7,11	0.0016866193907499327	0.02489352369610194	0.945983911760011	-0.09351378053875559	0.09688701932025545
3,7,12	-0.017240905959925168	0.02488409849180634	0.4884276024632628	-0.11240526104381893	0.07792344912396859
3,7,13	-0.014211852713558737	0.024863936682234	0.5676214274717358	-0.10929910291033322	0.08087539748321575
3,8,9	0.02039947355344547	0.024868530279693952	0.4120770539812496	-0.0747053439560422	0.11550429106293314
3,8,10	-0.013126888999464986	0.02486595446949151	0.5975811547640069	-0.10822185582793183	0.08196807782900185
3,8,11	0.011467255762116754	0.024884460887298995	0.6449420335469516	-0.08369848523227545	0.10663299675650896
3,8,12	0.07106202155587997	0.024873983997328156	0.004290797378195355	-0.024063652627263746	0.1661876957390237
3,8,13	-0.009221331523658376	0.024862598356901498	0.7107293556270327	-0.10430346355763497	0.0858608005103182
3,9,10	-0.04451785506594678	0.024871478587392033	0.07351040661027977	-0.1396339478000832	0.05059823766818964
3,9,11	0.03949029374900717	0.02487952312209617	0.1124984934847312	-0.05565656373062812	0.13463715122864245
3,9,12	0.0699935567567904	0.02487415840437628	0.004907926187406597	-0.02513278441190886	0.16511989792548967
3,9,13	0.0009047378246007098	0.024863383997844515	0.970973725568087	-0.09418039873910374	0.09598987438830515
3,10,11	0.04014378155265757	0.024887426694276182	0.10678617898421637	-0.05503330158894484	0.13532086469425997
3,10,12	-0.02945874795454367	0.024878525944987427	0.2364121100277167	-0.12460179192586604	0.06568429601677869
3,10,13	-0.04408752831063609	0.024864621460009857	0.07625492522595938	-0.1391773973057342	0.05100234068446201
3,11,12	-0.016150484285953774	0.024898370660853146	0.5165817381840334	-0.11136942048169432	0.07906845190978679
3,11,13	0.01733940442034406	0.024875554604269958	0.4857970649289103	-0.07779227624106352	0.11247108508175166
3,12,13	-0.0006055942174397356	0.02486808626059572	0.9805723147127443	-0.09570871366295526	0.0944975252280758
4,5,6	-0.012631935278715423	0.024894299196719833	0.6118740829737224	-0.10783530095826381	0.08257143040083297
4,5,7	-0.18884581325782585	0.024915056241886068	3.9110684487131915e-14	-0.28412856018630084	-0.09356306632935085
4,5,8	0.13863885016501482	0.024897564397609408	2.666176966141651e-08	0.04342299736494734	0.2338547029650823
4,5,9	0.08661171867329076	0.024907129879170438	0.0005093873392633739	-0.008640715435282706	0.18186415278186424
4,5,10	0.06530982389972662	0.024893943467120455	0.008721342458355773	-0.029892181361725043	0.1605118291611783
4,5,11	-0.642627697313201	0.024917497736374878	3.1648337593419416e-140	-0.7379197812585885	-0.5473356133678136
4,5,12	-0.17777562971958125	0.024917851527011276	1.0686220319498672e-12	-0.27306906666788167	-0.0824821927712808
4,5,13	-0.04300320828792306	0.02488984211778727	0.08407848229499064	-0.13818952874309592	0.0521831121672498
4,6,7	-0.0026482328569951696	0.024876642163989212	0.9152247129126372	-0.09778407267728617	0.09248760696329583
4,6,8	-0.025824221782594636	0.024864655134164044	0.2990303966026188	-0.12091421955789217	0.0692657759927029
4,6,9	0.031695635106544835	0.024873012026696062	0.202599818601476	-0.0634263219655131	0.12681759217860278
4,6,10	-8.759644849892778e-06	0.024869024339751036	0.9997189701983397	-0.09511546659014415	0.09509794730044437
4,6,11	-0.021228109800320694	0.024883489629703846	0.3936327760794087	-0.11639013641049709	0.0739339168098557
4,6,12	0.008765306980120943	0.024871794687632235	0.7245341863158286	-0.08635199461739908	0.10388260857764096
4,6,13	-0.028274389632406742	0.024873047384946136	0.25568230262688957	-0.12339648192515859	0.06684770266034509
4,7,8	0.07563866948799461	0.024882418741692214	0.002375706553405501	-0.019519261720974956	0.17079660069696417
4,7,9	0.03933738141619243	0.024884562686379015	0.11396995434466559	-0.055828748888819224	0.1345035117212041
4,7,10	-0.013357212482294531	0.024885102327244925	0.5914535650248439	-0.10852540653797804	0.08181098157338898
4,7,11	-0.22081801330863857	0.024908595941418952	9.5530839888135e-19	-0.3160760540847969	-0.12555997253248025
4,7,12	-0.14783052862664514	0.02489368436009835	3.0137819705377176e-09	-0.24303154298409985	-0.052629514269190436
4,7,13	-0.008295031123101544	0.024873884013375088	0.7387792397662442	-0.10342032293722292	0.08683026069101982
4,8,9	-0.049744970668923444	0.024871527599826117	0.0455303056318645	-0.14486125084150303	0.04537130950365613
4,8,10	-0.00811632932626994	0.02487115056191459	0.7441805400658583	-0.10323116759129139	0.0869985089387515
4,8,11	0.08955134974442899	0.02489261783528461	0.00032348765139857897	-0.00564558589801363	0.1847482853868716
4,8,12	0.03316170032311848	0.024874224701827274	0.1825174553652886	-0.06196489438718164	0.1282882950334186
4,8,13	0.009936237932138867	0.02486474571142193	0.6894548229413087	-0.08515410623811986	0.1050265821023976
4,9,10	-0.013571422625938086	0.024877570455256966	0.5854074026147246	-0.10871081251415118	0.081567967262275
4,9,11	0.09953541657415133	0.024884407263123985	6.401534505413686e-05	0.004369880654901126	0.19470095249340152
4,9,12	0.052423651714218054	0.02488082564603696	0.03515373616207226	-0.042728187012812925	0.14757549044124904
4,9,13	0.060360729988149314	0.02486787931141335	0.015238407547736326	-0.03474159802079953	0.15546305799709814
4,10,11	0.15240978836892832	0.024895659035100395	9.740910983139845e-10	0.05720122225414828	0.24761835448370836
4,10,12	0.006275429822250683	0.02488323545361592	0.8008976367500348	-0.08888562474131959	0.10143648438582095
4,10,13	0.043855523506519126	0.02486774873866778	0.07785112009863643	-0.051246305152568686	0.13895735216560695
4,11,12	-0.21619460778870453	0.024900922861793965	4.768754950666416e-18	-0.3114233043764745	-0.12096591120093461
4,11,13	-0.036973296906144745	0.024883337596052373	0.13735944831432323	-0.13213474209343382	0.058188148281144325
4,12,13	0.004718450730988439	0.024866608438364957	0.8495101389766517	-0.09037901707319616	0.09981591853517303
5,6,7	-0.016765863429309746	0.02486977571178442	0.5002405452204792	-0.11187544384960688	0.07834371699098738
5,6,8	-0.010520020230687904	0.02486032118169833	0.6721877395893987	-0.10559344365463813	0.08455340319326232
5,6,9	0.008170280300014272	0.02486472463528873	0.742475978430519	-0.08691998326870592	0.10326054386873448
5,6,10	0.030676801948253375	0.024860916744686646	0.21726762980960873	-0.06439889908955992	0.12575250298606666
5,6,11	-0.02803064585462641	0.024880790086657764	0.2599509382424303	-0.12318234859178462	0.06712105688253178
5,6,12	-0.018986273660119686	0.024876988597152663	0.4453659712884265	-0.11412343834611119	0.0761508910258718
5,6,13	0.010224468866551331	0.024861042215766974	0.6808909789209525	-0.08485171201080467	0.10530064974390733
5,7,8	-0.01684271116337782	0.024868099815528913	0.49824944355517575	-0.11194588244707732	0.07826046012032167
5,7,9	-0.0004822770683600777	0.024878744810858014	0.9845344425586249	-0.09562615804928642	0.09466160391256628
5,7,10	-0.01984091752069045	0.024864007133271405	0.42491048725455594	-0.11492843714364252	0.07524660210226163
5,7,11	-0.24848230791100687	0.024894802199103498	2.6282564943479772e-23	-0.34368759722453635	-0.1532770185974774
5,7,12	0.15450310168189138	0.024886463175697038	5.659817541752548e-10	0.05932970332815564	0.24967650003562714
5,7,13	-0.01528195605326423	0.024865742717939572	0.5388528459441048	-0.11037611307944367	0.07981220097291522
5,8,9	-0.0420432134791296	0.024866896458134686	0.09093261761262666	-0.13714178275844485	0.05305535580018566
5,8,10	0.00046767683112443337	0.024855675842188712	0.9849886661036666	-0.09458798140278991	0.09552333506503878
5,8,11	0.051214024286785495	0.024882679752244112	0.03960577395918385	-0.043944905105857454	0.14637295367942843
5,8,12	-0.040419088645901866	0.024870793360068606	0.10417264603460864	-0.13553256086250814	0.0546943835707044
5,8,13	-0.015218300680943382	0.02485329465386522	0.5403423471194255	-0.11026485252704896	0.07982825116516218
5,9,10	0.014359158455366491	0.024870437506924588	0.5637157718015158	-0.0807529528706708	0.10947126978140378
5,9,11	0.1691716197663901	0.024887176752557374	1.1513891283192567e-11	0.07399549247787945	0.2643477470549008
5,9,12	-0.013916811553140743	0.024880301103218965	0.5759402616157161	-0.10906664426902349	0.081233021162742
5,9,13	-0.02425730043610245	0.02486313057780139	0.3292797023545373	-0.11934146784454586	0.07082686697234097
5,10,11	0.010546423960109443	0.02487726763383102	0.6716238433946189	-0.08459180784694129	0.10568465576716016
5,10,12	0.011884214157451771	0.024880633916777153	0.6329147608711954	-0.08326689133862186	0.10703531965352539
5,10,13	-0.04106013052987346	0.024857083558650003	0.09861009536693957	-0.13612117229935064	0.05400091123960373
5,11,12	-0.23828289505312072	0.02490068520476244	1.454968507403566e-21	-0.33351068276817647	-0.14305510733806498
5,11,13	0.002405376020551221	0.02487264700041954	0.9229612931575315	-0.09271518508009127	0.0975259371211937
5,12,13	0.0064061676672393444	0.02486590098113077	0.7967010743267057	-0.08868859460548054	0.10150092993995921
6,7,8	0.011420980300885036	0.02486344391077645	0.6459982664839903	-0.08366438538807909	0.10650634598984916
6,7,9	-0.018742322225753567	0.024864746266321583	0.45101201495858434	-0.11383266851811721	0.07634802406661009
6,7,10	0.016028844636410078	0.02486524402051634	0.519188979115755	-0.0790634052192653	0.11112109449208546
6,7,11	-0.034216460058695414	0.02486444998917563	0.1688283537061656	-0.12930567329721226	0.06087275317982142
6,7,12	-0.03514756111562108	0.024868793872327394	0.15760591202770227	-0.1302533866834467	0.059958264452204514
6,7,13	-0.009983095465859085	0.02486465047644577	0.6880660548562261	-0.10507307542862641	0.08510688449690824
6,8,9	-0.003191115527925767	0.024858965296778304	0.8978607891372683	-0.09825935363587893	0.09187712258002739
6,8,10	0.007936796743887531	0.024856828999565705	0.7495081661486958	-0.08712327151428902	0.10299686500206408
6,8,11	0.0020608849403663046	0.02485693905499337	0.9339255844063623	-0.09299960420321224	0.09712137408394486
6,8,12	0.050251180051352526	0.024863943354709744	0.04331276141095045	-0.04483609566299701	0.14533845576570206
6,8,13	-0.013575536000372555	0.02485597482738672	0.5849678294415703	-0.10863233764454777	0.08148126564380268
6,9,10	0.0021859496616986815	0.024861117545571052	0.9299376402043925	-0.09289051929972136	0.09726241862311874
6,9,11	-0.028684230766267364	0.02486028238609725	0.24861414647396016	-0.1237575058240488	0.06638904429151408
6,9,12	-0.041673789403303955	0.02486884602074161	0.0938330036556927	-0.13677981440251377	0.05343223559590587
6,9,13	0.013979096743011576	0.024864705505431496	0.5739933011841578	-0.08111109366732086	0.10906928715334402
6,10,11	-0.03181479461353286	0.02486122523592699	0.20069447876153407	-0.12689167541560187	0.06326208618853615
6,10,12	-0.0297911664041228	0.024874370183117427	0.2310877335336771	-0.12491831747908926	0.06533598467084366
6,10,13	0.010122908387245406	0.024866525061764337	0.6839544243018644	-0.08497424055947969	0.1052200573339705
6,11,12	0.03571559432811943	0.024868887228084648	0.15100248458749752	-0.059390588260493364	0.13082177691673222
6,11,13	0.028174806744917007	0.02486284188028756	0.2571649183032944	-0.06690825659649635	0.12325787008633035
6,12,13	0.019250447258889004	0.024862995982964778	0.4388024906377369	-0.0758332054179949	0.1143340999357729
7,8,9	-0.05489434912529654	0.024869622022030868	0.027326289542273216	-0.1500033417892687	0.040214643538675605
7,8,10	-0.005165426119408602	0.024859591126215826	0.8354036117983411	-0.10023605758932477	0.08990520535050758
7,8,11	-0.029409283278821155	0.024869239102820975	0.23702486255714056	-0.12451681154336286	0.06569824498572055
7,8,12	0.02016000436293581	0.024872561033556694	0.4176619395310138	-0.07496022797429722	0.11528023670016885
7,8,13	-0.009325431351435624	0.024858792477413853	0.7075705276903993	-0.10439300854561812	0.08574214584274686
7,9,10	0.039043086858395894	0.02486652953867404	0.11643540997026833	-0.056054079209392475	0.13414025292618426
7,9,11	0.011430841443625004	0.024866134436345243	0.6457492491455668	-0.08366481363278368	0.1065264965200337
7,9,12	0.022674106303874907	0.02487661741818768	0.3620829016123658	-0.07246163888095061	0.11780985148870043
7,9,13	-0.019147176902015124	0.024857691112321702	0.44116457219746696	-0.11421054214137269	0.07591618833734243
7,10,11	0.004437821202679677	0.0248701380365691	0.8583827704200366	-0.0906731448577071	0.09954878726306644
7,10,12	0.03772622577433399	0.02487996078494484	0.12948089281537145	-0.05742230546104342	0.1328747570097114
7,10,13	-0.019403900660940842	0.024853441373582048	0.43498583341281927	-0.1144510136078327	0.07564321228595101
7,11,12	0.0407306204917343	0.024887717879679864	0.10176398356629944	-0.054447576231345066	0.13590881721481368
7,11,13	0.03857535660408028	0.024862932636662633	0.12082189497091675	-0.05650805381729283	0.13365876702545337
7,12,13	-0.013052057796812924	0.024859961769516256	0.5995835696184781	-0.10812410671935103	0.08201999112572518
8,9,10	0.019050893790978997	0.02485567497076545	0.4434280356047182	-0.07600476111034796	0.11410654869230596
8,9,11	-0.04337800836120281	0.024856687961008272	0.08100689010139558	-0.13843753724507313	0.0516815205226675
8,9,12	0.0021759549134579316	0.02486134425721828	0.9302577993141714	-0.09290138106220037	0.09725329088911623
8,9,13	-0.04735594080407271	0.024852989126755962	0.0567632891425792	-0.14240132422166063	0.04768944261351522
8,10,11	-0.005334803102495511	0.024854297995344946	0.8300518214027935	-0.10038519203134202	0.089715585826351
8,10,12	-0.047642998760894194	0.024866145486651847	0.055408306782675484	-0.1427386960970336	0.04745269857524521
8,10,13	-0.015590744327029886	0.024851854303537858	0.5304519393072723	-0.11063178783575109	0.07945029918169133
8,11,12	0.06172406658033208	0.024868896947631447	0.013088671206507484	-0.033382153178781515	0.15683028633944568
8,11,13	0.04270018263525308	0.024855768172347442	0.08585547746427152	-0.05235582869724802	0.13775619396775418
8,12,13	0.011477041212618621	0.02485444278252745	0.6442603895708199	-0.08357390142641562	0.10652798385165287
9,10,11	-0.008505690747786211	0.02486165149002556	0.7322701199830199	-0.10358420167506976	0.08657282017949733
9,10,12	-0.09217804004591626	0.024876586610853162	0.00021266471941431013	-0.18731366741413202	0.002957587322299504
9,10,13	-0.009287196574060593	0.02485479273642265	0.7086698988147693	-0.1043394775431435	0.08576508439502233
9,11,12	-0.031219764826333245	0.0248705726762121	0.20941541912215683	-0.12633239308080488	0.06389286342813838
9,11,13	-0.015504375990237155	0.0248543854962833	0.5327735986935025	-0.11055509954926408	0.07954634756878977
9,12,13	0.008661824153191866	0.024862405158736264	0.7275574051254171	-0.08641956903228659	0.10374321733867031
10,11,12	0.020901064958763586	0.024875497140718215	0.4008096506589498	-0.07423039594455855	0.11603252586208573
10,11,13	-0.0177582061349031	0.024856032745751846	0.4749772952530975	-0.11281522927650836	0.07729881700670216
10,12,13	-0.00713072400317892	0.02486351403539961	0.774277965051763	-0.10221635787001337	0.08795490986365553
11,12,13	-0.00075490373936353	0.02486011709125461	0.9757759757553895	-0.09582754665943245	0.09431773918070539
