Params:	92
Performance_R2:	0.34551790866994436
Alpha:	0.05
Alpha_Bonf:	0.0005434782608695652
Term	Coefficient	StdErr	p_value	CI_lower	CI_upper
Intercept	4.270681407036297	0.0014709532661183373	0.0	4.265592277513028	4.275770536559565
1	0.002019632229576747	0.001470943895489734	0.16978500220269002	-0.0030694648736659573	0.007108729332819451
2	0.027000927672016693	0.0014709492455917672	9.267964364854173e-74	0.02191181205876226	0.032090043285271125
3	-0.0398535950527296	0.0014709495598672485	8.574085433053992e-155	-0.044942711753298406	-0.03476447835216079
4	0.030410642038857707	0.0014709504682205571	1.4501265311511574e-92	0.02532152219561418	0.03549976188210123
5	0.0205634779964618	0.001470947379220048	6.730736333666181e-44	0.015474368840385602	0.025652587152537994
6	-0.0015284066169829588	0.0014709562710633812	0.29880965477711613	-0.006617546536607846	0.003560733302641928
7	0.012280751961504442	0.0014709417734855832	8.038279537181789e-17	0.007191662199864099	0.017369841723144784
8	0.0005755096821054243	0.0014709552792724304	0.6956235872016611	-0.004513626806171421	0.00566464617038227
9	0.0011069769323575705	0.0014709529293045404	0.4517377362069439	-0.003982151425619528	0.006196105290334669
10	-0.00975387523535836	0.0014709397443233173	3.547900095120271e-11	-0.014842957976605987	-0.004664792494110733
11	0.006599862476900016	0.0014709456618651657	7.329848354705444e-06	0.0015107592624411595	0.011688965691358872
12	-0.0040970171826464384	0.0014709454228196102	0.005360391612769926	-0.009186119570067604	0.000992085204774726
13	0.002991516153559459	0.0014709422369282305	0.04201036769359414	-0.002097575211476255	0.008080607518595174
1,2	-0.0009504986115892854	0.0014709365181161224	0.518177295561492	-0.0060395701909688486	0.004138572967790278
1,3	-0.0009690849919226866	0.0014709266924554144	0.5100262278990448	-0.006058122576979557	0.004119952593134184
1,4	0.00301758959194995	0.0014709375756277964	0.04025310355244983	-0.00207148564615488	0.008106664830054781
1,5	0.0009304106636264997	0.001470937690836678	0.5270592491043	-0.004158664973072178	0.006019486300325177
1,6	4.042454776778063e-05	0.0014709447872364092	0.978075953509083	-0.005048675640694853	0.005129524736230414
1,7	0.001618120425460882	0.0014709336110872383	0.2713373033975038	-0.003470941096327553	0.006707181947249317
1,8	-0.0013730993523738593	0.001470941492997968	0.35059844716775246	-0.006462188143597373	0.003715989438849655
1,9	0.0003631153827063716	0.0014709400440704287	0.80502332356344	-0.004725968395591112	0.005452199161003855
1,10	-5.61887820144766e-05	0.0014709321010593953	0.9695296139503801	-0.005145245079485149	0.005032867515456195
1,11	-0.0002994122562720537	0.001470941218012448	0.8387091554532908	-0.005388500096114609	0.004789675583570502
1,12	-0.00038258825465120345	0.0014709251252431295	0.7947929532550814	-0.005471620417546478	0.004706443908244071
1,13	0.00045743668834566945	0.0014709299533145264	0.7558203083738966	-0.004631612178466209	0.005546485555157549
2,3	0.02317142879268641	0.001470927043173806	4.3280888134230846e-55	0.018082389994231833	0.028260467591140988
2,4	-0.03024167466119923	0.0014709407274816806	1.378830200203451e-91	-0.03533076080392831	-0.025152588518470152
2,5	-0.014726113504255645	0.0014709301266486268	1.8609734529844846e-23	-0.019815162970760056	-0.009637064037751233
2,6	0.0006872874391106866	0.0014709425748135878	0.6403387549342399	-0.004401805094923654	0.005776379973145026
2,7	-0.004723137573619356	0.0014709339587441388	0.0013280301739617445	-0.009812200298213506	0.0003659251509747956
2,8	0.001991063941552462	0.0014709342195287558	0.17590039096168042	-0.0030979996852910836	0.007080127568396008
2,9	0.0031735472740997573	0.0014709371892848916	0.030996175926927685	-0.0019155266273554808	0.008262621175554995
2,10	0.003283470282110021	0.001470932846822751	0.02562669772826797	-0.0018055885955148942	0.008372529159734935
2,11	-0.008368555073404626	0.0014709396958134957	1.3205786934741755e-08	-0.013457637646820432	-0.0032794724999888206
2,12	0.0021082066130291618	0.001470929050911265	0.15182567775334646	-0.0029808391316936715	0.007197252357751995
2,13	-0.0011883207614214624	0.0014709230464578186	0.419186859596962	-0.0062773457322407265	0.0039007042093978012
3,4	0.033298189625176	0.0014709350471199896	4.7535287179233845e-110	0.028209123135074267	0.03838725611527773
3,5	0.019831843340990304	0.0014709318832248923	5.504498705786282e-41	0.0147427877971724	0.02492089888480821
3,6	0.0012504252352460259	0.0014709417538447725	0.3953031952635929	-0.0038386644584420355	0.006339514928934088
3,7	-0.0015754281649079881	0.0014709223234571306	0.28418000147844974	-0.006664450634326132	0.0035135943045101563
3,8	-0.00456886048528029	0.0014709355621498961	0.0019023652254205245	-0.009657928757256377	0.000520207786695797
3,9	-0.006497256608538253	0.0014709496310533463	1.0136456629998307e-05	-0.011586373555393112	-0.001408139661683393
3,10	-0.010575745083693817	0.0014709250760858977	7.066311498962174e-13	-0.015664777076517394	-0.00548671309087024
3,11	0.012603803909321535	0.0014709359976285317	1.2429614575487735e-17	0.007514734130698546	0.017692873687944526
3,12	-0.007386576225074892	0.001470927790437701	5.231158595466633e-07	-0.012475617608875202	-0.0022975348412745808
3,13	0.003442267571786792	0.001470927070896737	0.01929754671703921	-0.0016467713225821762	0.00853130646615576
4,5	-0.024631633079828148	0.00147094282860814	6.745103156148713e-62	-0.02972072649192801	-0.019542539667728284
4,6	0.0014893885635958411	0.0014709509925888728	0.3113129822268276	-0.0035997330938305943	0.006578510221022277
4,7	-0.0037543200086787546	0.0014709332817102226	0.01071852569031497	-0.008843380390905292	0.0013347403735477835
4,8	0.010604756796452277	0.0014709459515145666	6.124911102215397e-13	0.005515652579879111	0.015693861013025445
4,9	0.005597788130192079	0.0014709390673156414	0.00014251523556704267	0.0005087077312212803	0.010686868529162877
4,10	0.009678792519273671	0.0014709432875703993	4.998738250950916e-11	0.0045896975192794565	0.014767887519267886
4,11	-0.014736159760810282	0.0014709469522324523	1.7402432954532273e-23	-0.019825267439616445	-0.009647052082004118
4,12	0.01192633716840437	0.0014709416831504092	5.905757273540469e-16	0.0068372477193010825	0.01701542661750766
4,13	-0.0020972666937215502	0.0014709310653928463	0.15396223000828677	-0.007186319408045611	0.0029917860206025108
5,6	-0.00316566920211729	0.0014709445187830166	0.031416440149316945	-0.008254768461798487	0.001923430057563908
5,7	-0.0028794788035118903	0.0014709305204096464	0.050312613814222196	-0.00796852963233071	0.00220957202530693
5,8	0.003015380708115447	0.001470938914291335	0.040399646679539394	-0.0020736991614296145	0.008104460577660509
5,9	0.0014896125073789897	0.001470939364197051	0.311236413622004	-0.003599468918727055	0.006578693933485035
5,10	0.001895197153042494	0.0014709407912595297	0.1976349908290358	-0.003193889210341954	0.006984283516426942
5,11	-0.004317704039578934	0.00147094090833361	0.0033412909759065927	-0.009406790808010348	0.0007713827288524802
5,12	0.004598092299788212	0.001470927084338625	0.001778422620264699	-0.0004909466410863185	0.009687131240662743
5,13	0.000708644611897677	0.001470931797172895	0.629985421224056	-0.00438041063420189	0.005797699857997244
6,7	-0.0010495600068085348	0.001470938659060239	0.4755380388442343	-0.006138638993317994	0.0040395189797009234
6,8	-5.384648323641201e-05	0.001470955741473979	0.9707996990207279	-0.005142984570614739	0.005035291604141914
6,9	-0.0015435390538797076	0.0014709465995494378	0.2940481443960297	-0.006632645512491061	0.0035455674047316457
6,10	-0.0007692116998342787	0.0014709432994625435	0.6010319891017506	-0.005858306740972331	0.0043198833413037735
6,11	-0.0006713470826723608	0.0014709511072908312	0.6481122240987744	-0.005760469136938815	0.004417774971594094
6,12	0.0016382719193545996	0.001470941489459161	0.26541651182433407	-0.0034508168596255294	0.0067273606983347285
6,13	0.0005657513884443109	0.0014709333717360961	0.700528622985223	-0.004523309305249179	0.005654812082137801
7,8	-0.007610254759336339	0.0014709336004080622	2.3496125076605937e-07	-0.012699316244177503	-0.0025211932744951754
7,9	-0.002204957406160184	0.0014709291890228815	0.13390671226914905	-0.007294003628714585	0.002884088816394217
7,10	-0.0028303537275733257	0.0014709335633566864	0.05436611309857345	-0.007919415084226018	0.002258707629079366
7,11	-0.002701083905375293	0.0014709306715028469	0.06634871982237175	-0.0077901352569387065	0.0023879674461881207
7,12	0.0032106391529972376	0.0014709300857987193	0.029084670599443602	-0.0018784101721767343	0.00829968847817121
7,13	0.0017121565916159735	0.001470942593435264	0.24446414623283083	-0.003376936006844698	0.006801249190076645
8,9	0.0016536569379298374	0.0014709397769208398	0.26095405398172244	-0.0034354259160970448	0.00674273979195672
8,10	-0.0012187469130371868	0.0014709364167849988	0.4073826515659281	-0.006307818141836466	0.0038703243157620928
8,11	0.003388118344247461	0.0014709452310360785	0.021283858591597055	-0.0017009833796507645	0.008477220068145688
8,12	-0.006124314963164283	0.0014709362700792658	3.166031317637481e-05	-0.011213385684398506	-0.0010352442419300596
8,13	-0.00609249484864217	0.0014709368372239683	3.479357949180159e-05	-0.011181567532054877	-0.0010034221652294624
9,10	-0.0016212560354237605	0.0014709326675890972	0.27040940896592064	-0.006710314292945168	0.003467802222097647
9,11	0.00117047300105028	0.0014709436721745224	0.4262128233937924	-0.003918623329577778	0.006259569331678339
9,12	0.002787040912588682	0.001470933930063798	0.05816230055214004	-0.0023020217127786803	0.007876103537956043
9,13	0.0030978960391551628	0.0014709320600470772	0.035228521782363825	-0.001991160116423171	0.008186952194733498
10,11	0.0032619106447368674	0.001470948837067579	0.02661294727174292	-0.0018272035551262947	0.008351024844600029
10,12	-0.0030702619112788617	0.0014709289129662564	0.03689285766499144	-0.00815930717874655	0.0020187833561888255
10,13	0.0013429958547256675	0.001470927633235625	0.3612559395545305	-0.0037460449851948723	0.006432036694646207
11,12	0.0047973733675376875	0.001470937905135602	0.0011130945403602904	-0.0002917030105815399	0.009886449745656915
11,13	0.003021014357779378	0.001470936308402082	0.04002689600613918	-0.0020680564960421817	0.008110085211600938
12,13	-0.0015934114792468083	0.001470933921552114	0.2787231544126462	-0.006682474075165878	0.003495651116672261
