Params:	14
Performance_R2:	0.14786539595486137
Alpha:	0.05
Alpha_Bonf:	0.0035714285714285718
Term	Coefficient	StdErr	p_value	CI_lower	CI_upper
Intercept	4.270783448857469	0.0016703203167354858	0.0	4.265915173037232	4.275651724677706
1	0.0019941240153309664	0.0016703074806667995	0.23256503188056019	-0.002874114393205828	0.006862362423867761
2	0.026901279804953365	0.0016703080755873046	1.7930496778667043e-57	0.022033039662475433	0.031769519947431296
3	-0.039652879003147096	0.0016703065729980096	1.6311950730856705e-120	-0.04452111476621405	-0.03478464324008014
4	0.030237960123412254	0.0016703102886091886	7.63135880758673e-72	0.025369713530913437	0.03510620671591107
5	0.020308887138820775	0.0016703063755284455	1.0094097985089377e-33	0.015440651951293911	0.02517712232634764
6	-0.0015278991482865043	0.001670313745839292	0.3603563951554092	-0.006396155817145853	0.0033403575205728443
7	0.012306829798517471	0.0016703062631014233	1.9016322958973402e-13	0.007438594938667729	0.017175064658367212
8	0.0007426666802817102	0.0016703087024159766	0.6566001496012491	-0.0041255752891361415	0.005610908649699563
9	0.0012683668458292803	0.001670311639857973	0.4476595929334122	-0.0035998836849870665	0.006136617376645627
10	-0.009685373430933885	0.0016703068816080649	6.938605460718813e-09	-0.014553610093468356	-0.004817136768399414
11	0.006612890416800882	0.001670314763908352	7.58835890066717e-05	0.001744630780701693	0.01148115005290007
12	-0.004029817582050161	0.0016703063629236637	0.01586021895720751	-0.008898052732839428	0.0008384175687391054
13	0.003017687133219658	0.0016703033377595078	0.07085066046468802	-0.001850539200498197	0.007885913466937514
