Params:	92
Performance_R2:	0.8360328178151044
Alpha:	0.05
Alpha_Bonf:	0.0005434782608695652
Term	Coefficient	StdErr	p_value	CI_lower	CI_upper
Intercept	6.825473049654878	0.03444835653196385	0.0	6.706285568036785	6.944660531272971
1	0.04616457046304134	0.026108849670280335	0.07707612311563047	-0.044169145087617045	0.13649828601369973
2	0.13218325678201293	0.0260680152772635	4.060662123043522e-07	0.041990823688837345	0.22237568987518852
3	0.2229587285276456	0.02614808633256118	1.809208077463854e-17	0.13248925849012178	0.3134281985651694
4	0.7977399331308399	0.026104084508807024	3.732589553515571e-193	0.70742270450881	0.8880571617528699
5	0.43863881888789313	0.026082554980717376	2.6599379979380067e-62	0.3483960800381415	0.5288815577376448
6	0.01131464475362004	0.026022568990380503	0.6637195294421152	-0.07872054924231582	0.1013498387495559
7	0.2346177973684399	0.026071777361084913	2.862353886170378e-19	0.1444123478837307	0.3248232468531491
8	-0.11072489808349448	0.026059669080560482	2.174856186266919e-05	-0.20088845426449578	-0.020561341902493174
9	-0.06099228353082933	0.026125677108433	0.019592656945843827	-0.15138422014563746	0.029399653083978794
10	-0.05905927646566542	0.026086839392583307	0.023606368645021535	-0.14931683890388173	0.031198285972550893
11	0.6158360434123324	0.026065578307810137	5.341718774269839e-119	0.5256520419623807	0.7060200448622842
12	0.26923545102042895	0.02614881612634166	1.0786509485819412e-24	0.17876345597760582	0.3597074460632521
13	0.013995889851289491	0.02602989596074284	0.5908107341665454	-0.07606465464705908	0.10405643434963807
1,2	-0.008312996509761916	0.014528637183793837	0.5672175557011858	-0.05858046502230552	0.041954472002781684
1,3	0.005708884857889895	0.014524672210105479	0.6942959015973353	-0.0445448652867496	0.05596263500252939
1,4	-0.018604724529824646	0.014527822805463513	0.20036520660455526	-0.06886937538393553	0.031659926324286235
1,5	-0.001048237950034392	0.014522576444124502	0.9424607208929108	-0.051294736977509504	0.04919826107744072
1,6	-0.006891586809932737	0.014519526071463678	0.6350558295192402	-0.05712753188732019	0.04334435826745472
1,7	-0.006630914231433582	0.014521806262950954	0.6479593730478264	-0.056874748517722	0.043612920054854835
1,8	-0.005728763574067819	0.014521102814315187	0.6932138316059212	-0.05597016400632703	0.044512636858191394
1,9	-0.00981845767176178	0.014521133826186356	0.4989670687377141	-0.06005996540164552	0.04042305005812196
1,10	0.0005278466301848542	0.014520889367911552	0.9710035971890862	-0.04971281530126123	0.05076850856163094
1,11	0.00958034151782533	0.014521062074812066	0.5094318898106603	-0.040660917960284884	0.059821600995935545
1,12	-0.0005971123563820874	0.014525025765355295	0.9672099516357828	-0.050852085762857	0.04965786105009282
1,13	-0.030170388840126412	0.014519860074241785	0.03775603900786881	-0.08040748952997216	0.020066711849719338
2,3	0.26099322947675097	0.014533481725968403	1.334576703273008e-70	0.21070899938718282	0.3112774595663191
2,4	-0.09013738445779951	0.01453413314678496	5.886438727468067e-10	-0.14042386839092988	-0.039850900524669136
2,5	0.04548542515896825	0.014530037279947476	0.0017523055483493445	-0.0047868875305223865	0.0957577378484589
2,6	0.015687308683400736	0.014524526732285966	0.2801526110050518	-0.034565938124165974	0.06594055549096745
2,7	-0.017263356409292913	0.014528316698518508	0.23477117987426074	-0.06752971607843417	0.03300300325984834
2,8	-0.016818736412914537	0.0145280296748746	0.24703445094608192	-0.06708410301217593	0.033446630186346867
2,9	0.005354971842118722	0.014526112976280805	0.7124033674778041	-0.044903763193218774	0.05561370687745622
2,10	0.027667858607114786	0.014527682790737335	0.05688525125080659	-0.022596307811618546	0.07793202502584812
2,11	0.12300182385590008	0.014527241124462931	3.0124939693865825e-17	0.07273918555334591	0.17326446215845426
2,12	0.026754576839534465	0.014531404144972195	0.06563917136012845	-0.023522465050893726	0.07703161872996266
2,13	-0.004842903113918017	0.014524027374406185	0.7388111248075244	-0.055094422198768485	0.04540861597093245
3,4	0.04610180173403444	0.0145415945283323	0.0015288802519467454	-0.004210497749257046	0.09641410121732594
3,5	0.18000707299186047	0.014535185809293558	7.095666981336237e-35	0.1297169469635469	0.23029719902017404
3,6	-0.005731663764128869	0.014525170055311034	0.6931479946516657	-0.05598713639780004	0.044523808869542304
3,7	-0.08256079985560583	0.014527542443969014	1.3739068583257668e-08	-0.13282448069013272	-0.03229711902107893
3,8	-0.07031520348028693	0.014525081746623095	1.3186658721472104e-06	-0.12057037057572115	-0.0200600363848527
3,9	-0.08642056820521662	0.014524214577912769	2.8031721733241935e-09	-0.13667273499337565	-0.036168401417057607
3,10	-0.062040342714940466	0.014527277880437225	1.974017092423054e-05	-0.11230310818907702	-0.011777577240803916
3,11	0.0734751973405613	0.014532101816024233	4.383876995072119e-07	0.023195741585900917	0.12375465309522167
3,12	-0.11369788936192794	0.014530577759362664	5.801644123866238e-15	-0.16397207205007303	-0.06342370667378286
3,13	-0.021336046188943015	0.014522828488724668	0.1418381819426394	-0.07158341726269765	0.02891132488481162
4,5	0.059023966276733564	0.014540338955397435	4.972699732982893e-05	0.008716010936128692	0.10933192161733843
4,6	-0.009776235660484023	0.014526944418513835	0.5009859509248085	-0.06003784739345944	0.04048537607249139
4,7	0.025528382146090683	0.014531388863617994	0.0789979339530872	-0.024748606872551843	0.07580537116473321
4,8	-0.014026689622689104	0.014528246641513257	0.3343377717577767	-0.06429280690238523	0.036239427657007016
4,9	0.0495653282276894	0.014528129233943476	0.0006491304274221526	-0.0007003828348755153	0.09983103929025432
4,10	0.0264219355484964	0.01452824417640099	0.06900415078968652	-0.023844173202185494	0.0766880442991783
4,11	-0.03042058711263362	0.014539062189675194	0.036442906486921105	-0.08072412498586501	0.019882950760597765
4,12	0.11562624543436202	0.014530066452395539	2.016421475499435e-15	0.06535383181144619	0.16589865905727785
4,13	0.0035443687026716665	0.01452584555855923	0.8072343281712853	-0.04671344109709631	0.05380217850243965
5,6	-0.01066185190277602	0.014521724037823603	0.46285026835674437	-0.060905401699270396	0.039581697893718355
5,7	-0.03044895402750905	0.014525141611475986	0.03609042323976978	-0.08070432824867502	0.019806420193656908
5,8	-0.01406733779274981	0.014521360381859926	0.33270983472439486	-0.0643096293800624	0.03617495379456278
5,9	-0.03182037902324884	0.014525198390433066	0.0285047811028626	-0.0820759496932903	0.018435191646792602
5,10	0.0399543063961032	0.01452196591785747	0.005950491707727563	-0.010290080278401989	0.09019869307060839
5,11	0.17674164175654494	0.014532985780196673	1.0526864677844271e-33	0.12645912758417874	0.22702415592891115
5,12	-0.06139136817945073	0.014530638652550543	2.4188090523376406e-05	-0.11166576155125221	-0.011116974807649248
5,13	-0.016974341372230112	0.014520178113780811	0.2424346529030341	-0.06721254244350267	0.033263859699042435
6,7	0.006288570964056994	0.01452170822339115	0.664993938524071	-0.04395492411626027	0.05653206604437426
6,8	-0.006305663852778809	0.014518869574671054	0.6640774569446493	-0.05653933752429148	0.04392800981873386
6,9	0.002169305117079797	0.014522601507234516	0.8812623112158056	-0.048077280625967986	0.05241589086012757
6,10	0.014996594864121096	0.01452189759434104	0.30178385277108855	-0.03524755541861745	0.06524074514685965
6,11	-0.005407352039938418	0.01452232781952757	0.7096449318792291	-0.055652990853964766	0.04483828677408793
6,12	0.001909308879515001	0.014524234529246149	0.8954175972855039	-0.04834292693803816	0.052161544697068164
6,13	-0.017999421928728335	0.014519653252835439	0.2151411877737688	-0.06823580703951462	0.032236963182057946
7,8	0.12077515268596381	0.01452456069692388	1.081952096139783e-16	0.0705217883645281	0.17102851700739952
7,9	-0.032959958017626384	0.014522704346642877	0.023264037372519867	-0.0832068995735874	0.017286983538334626
7,10	0.017069810566760324	0.014521254051783028	0.23983084397297552	-0.03317211313031419	0.06731173426383484
7,11	-0.04347886037663315	0.014526927413219844	0.0027718600237012963	-0.093740413273183	0.0067826925199167
7,12	-0.03965993938725801	0.014527730630944265	0.00634958717180234	-0.08992427132778563	0.010604392553269622
7,13	0.026364708779178857	0.014520217224067817	0.06945357369843241	-0.023873627609336156	0.07660304516769387
8,9	0.020946424662554426	0.014519374060989892	0.14916088973107294	-0.029288994475503143	0.07118184380061199
8,10	-0.02166688156687918	0.01451919845441518	0.13566572314408382	-0.07190169312572245	0.028567929991964086
8,11	0.015169804066032945	0.014520962319905704	0.29620393204494455	-0.03507111027119784	0.06541071840326373
8,12	-0.0026177650359026847	0.014523859425149482	0.8569699754135225	-0.05286870303500738	0.04763317296320201
8,13	0.019053466567645314	0.014518553414706056	0.18944219584019206	-0.03117911322555762	0.06928604636084824
9,10	-0.0044498655819879135	0.01452198709156906	0.7592915850479048	-0.05469432551517987	0.045794594351204046
9,11	-0.05514911938634416	0.014521715497694035	0.00014722575359129274	-0.10539263963494022	-0.004905599137748101
9,12	-0.027253122330033297	0.014526443110229818	0.06068069821701475	-0.07751299959211078	0.02300675493204419
9,13	0.01423831882220411	0.014519542346709366	0.326806945842272	-0.03599768256572299	0.06447432021013122
10,11	-0.06674581588503634	0.014521915089991993	4.37448864159683e-06	-0.11699002670078099	-0.01650160506929168
10,12	-0.009589027691024564	0.014526981815229649	0.509220708487095	-0.059850768812476744	0.040672713430427616
10,13	0.017189258521084612	0.014518665337126911	0.23647442269384922	-0.0330437085112444	0.06742222555341362
11,12	-0.05441601990908527	0.014528050204293885	0.00018135647637794092	-0.10468145753785374	-0.004150582280316804
11,13	0.0013929859799946612	0.014518961194135566	0.9235688352034694	-0.04884100468467362	0.05162697664466294
12,13	-0.0012554214103893922	0.014522067711204624	0.9311116854991179	-0.051500160278552407	0.048989317457773615
