Params:	14
Performance_R2:	0.8076599842876897
Alpha:	0.05
Alpha_Bonf:	0.0035714285714285718
Term	Coefficient	StdErr	p_value	CI_lower	CI_upper
Intercept	6.747427298087579	0.014564069395044297	0.0	6.7049779804884	6.789876615686757
1	0.011361235283919413	0.007818151115748153	0.14621424254565593	-0.01142602085643445	0.03414849142427327
2	0.3141958164420595	0.007820769859033969	0.0	0.2914009275541243	0.33699070532999476
3	0.28882008514097746	0.007819921638768117	3.1851103041167643e-274	0.26602766852713555	0.31161250175481936
4	0.8723725178599732	0.007821524998499443	0.0	0.8495754279968756	0.8951696077230707
5	0.604188822852076	0.007818572450898913	0.0	0.5814003386628063	0.6269773070413457
6	0.0011772250937646667	0.007818109239768273	0.8803137450160694	-0.021609908992325275	0.023964359179854608
7	0.20572795231657376	0.0078185907000174	6.008182877885065e-146	0.18293941493731952	0.228516489695828
8	-0.09815628537875595	0.00781782047793601	8.578337021718298e-36	-0.12094257782214318	-0.07536999293536872
9	-0.1379966218338848	0.00781825055960299	2.4947130298292613e-68	-0.16078416781931307	-0.11520907584845655
10	-0.06758143129709551	0.007818110133404459	6.566396845591422e-18	-0.09036856798783154	-0.04479429460635949
11	0.6851588232964292	0.007818394228924755	0.0	0.6623708585637056	0.7079467880291528
12	0.18986995292783299	0.0078199273475277	2.2899697933890663e-125	0.1670775196748951	0.21266238618077088
13	0.0076065768806962315	0.007817671508206753	0.330586209119609	-0.015179281366507327	0.03039243512789979
