Params:	92
Performance_R2:	0.8345616215803027
Alpha:	0.05
Alpha_Bonf:	0.0005434782608695652
Term	Coefficient	StdErr	p_value	CI_lower	CI_upper
Intercept	6.533303392712117	0.03384195673610254	0.0	6.416213986932719	6.650392798491516
1	0.02441626117638762	0.025649251515124778	0.3411645062739812	-0.0643272958824285	0.11315981823520374
2	0.26891367306327485	0.025609135936300615	1.302886121002874e-25	0.1803089114447947	0.35751843468175504
3	0.34670065903363867	0.025687797488316424	5.044390225733978e-41	0.25782373719537455	0.4355775808719028
4	1.1947696268566248	0.025644570235532505	0.0	1.1060422665044596	1.28349698720879
5	0.6869262234608635	0.025623419695085605	4.175135623853915e-151	0.5982720416258908	0.7755804052958363
6	-0.0017508568515390288	0.02556448964749773	0.9453991637889143	-0.09020114727714611	0.08669943357406805
7	0.34659519681103895	0.02561283179557343	3.1555691271996773e-41	0.2579776479305966	0.43521274569148133
8	-0.14370690778703066	0.025600936659000626	2.0570807965381463e-08	-0.23228330081812792	-0.05513051475593339
9	-0.14850400344389253	0.025665782737257635	7.502254243363104e-09	-0.2373047566923805	-0.05970325019540458
10	-0.08738755435338619	0.025627628687780856	0.0006533839889769618	-0.1760562988348826	0.0012811901281102184
11	0.8850029084966844	0.02560674186520084	1.3097426350796896e-242	0.7964064300978966	0.9735993868954722
12	0.3516628030311176	0.0256885144354231	3.8615326213643284e-42	0.26278340063561645	0.4405422054266187
13	0.018998522697171463	0.025571687640057367	0.45753489680663095	-0.06947667198199828	0.1074737173763412
1,2	-0.005701769817746616	0.014272887316184889	0.6895493070070918	-0.055084372237587435	0.043680832602094204
1,3	0.002917246166840748	0.01426899213854712	0.838010240100424	-0.04645187937166699	0.052286371705348486
1,4	-0.027642688867328014	0.014272087273483402	0.05280383638101728	-0.07702252322841721	0.021737145493761184
1,5	-0.012613257996194616	0.01426693326466176	0.37667646345375494	-0.061975260060085	0.036748744067695766
1,6	-0.0013766243411155732	0.01426393658818691	0.9231175145984736	-0.05072825823774868	0.047975009555517534
1,7	-0.0024425154154279205	0.0142661766411076	0.8640631918796028	-0.051801899645986554	0.04691686881513071
1,8	0.007533639570397599	0.014265485575387945	0.5974441481323138	-0.041823353649644124	0.05689063279043932
1,9	-0.005801054430174701	0.014265516041352306	0.6842778604440258	-0.05515815305906412	0.04355604419871472
1,10	0.004997870526198163	0.014265275886314663	0.7260844837962493	-0.0443583971929755	0.05435413824537182
1,11	0.012353090599007716	0.014265445553028656	0.38654871388645795	-0.03700376414812289	0.06170994534613832
1,12	0.010409196798554725	0.0142693394701087	0.46573146658230025	-0.03896113046851945	0.0597795240656289
1,13	-0.02125430135572031	0.01426426471146199	0.13625721584553702	-0.07060707052238527	0.028098467810944647
2,3	0.2189079312103508	0.01427764657912754	3.0003405302611862e-52	0.16950886227014153	0.2683070001505601
2,4	-0.17841968393602947	0.014278286532881808	1.8051945452665237e-35	-0.227820967045041	-0.12901840082701793
2,5	-0.04042104639500821	0.014274262766227444	0.004642130369786915	-0.08980840771899332	0.008966314928976891
2,6	0.009731095330488604	0.014268849221596366	0.4952720314787653	-0.039637535731267395	0.0590997263922446
2,7	-0.04067137035305765	0.014272572472461876	0.004389401099007892	-0.09005288344863957	0.008710142742524275
2,8	-0.012553002131063556	0.014272290501339963	0.3791392436525495	-0.061933539637929705	0.03682753537580259
2,9	0.028620472742290126	0.014270407542690624	0.04493757891994451	-0.02075354993710675	0.077994495421687
2,10	0.04060226417531365	0.0142719497234583	0.004454866241844044	-0.008777094277989547	0.08998162262861685
2,11	0.03155678240228754	0.014271515831904247	0.02705467276790863	-0.01782107483450407	0.08093463963907915
2,12	0.011922102994779957	0.014275605570113826	0.4036671632999078	-0.037469904281280574	0.06131411027084049
2,13	-0.0005979240128189765	0.014268358653991271	0.9665751010283145	-0.04996485776523133	0.04876900973959338
3,4	-0.04101746985296084	0.014285616570565386	0.004100344473894301	-0.09044411407697539	0.008409174371053707
3,5	0.07443134714163901	0.014279320665207996	1.913762288701861e-07	0.025026486049814153	0.12383620823346388
3,6	-0.006685894391403713	0.01426948122010583	0.6394088270330367	-0.056056712097699905	0.04268492331489248
3,7	-0.12185070531199899	0.014271811847236042	1.6453658727613655e-17	-0.1712295867289103	-0.07247182389508766
3,8	-0.06818883302034813	0.014269394465929506	1.7988965342861557e-06	-0.11755935056684465	-0.018818315473851613
3,9	-0.06428149049737042	0.014268542562125315	6.736467726826907e-06	-0.11364906055146892	-0.014913920443271923
3,10	-0.059795737388669064	0.014271551940857389	2.824107561794801e-05	-0.10917371955842184	-0.010417755218916282
3,11	-0.01826340659245282	0.014276290959953461	0.2008381839972397	-0.06765778524111676	0.031130972056211133
3,12	-0.1629728248431431	0.014274793731499143	6.166422922515511e-30	-0.2123620232479045	-0.11358362643838169
3,13	-0.012471557428454492	0.014267180872481498	0.3820690010643021	-0.06183441618785765	0.03689130133094866
4,5	-0.17557698413995426	0.014284383099676832	2.19139223709215e-34	-0.22499936069190382	-0.1261546075880047
4,6	-0.0019068456065457484	0.014271224348916273	0.8937109168661157	-0.05128369434462309	0.047470003131531595
4,7	-0.0460782701965709	0.01427559055775969	0.001253102113068159	-0.09547022553155607	0.00331368513841427
4,8	0.0026511441265717473	0.014272503648681021	0.8526445000334688	-0.04673013084638428	0.05203241909952777
4,9	0.092926321430054	0.014272388307855013	7.962770934568592e-11	0.04354544552352563	0.14230719733658237
4,10	0.03013443752536762	0.01427250122696251	0.034774870721883455	-0.01924682906871174	0.07951570411944699
4,11	-0.29634894791573635	0.014283128809060845	5.772881207037291e-93	-0.34576698476168	-0.24693091106979273
4,12	0.029913789261736917	0.01427429142514835	0.036148298986227	-0.019473671218926545	0.07930124974240038
4,13	0.006454513057844885	0.014270144832364932	0.6510598840058188	-0.04291860067304859	0.05582762678873836
5,6	-0.007856198918189394	0.014266095863401999	0.5818628726431938	-0.05721530366687223	0.041502905830493445
5,7	-0.06773254204505227	0.01426945327697205	2.10706725257299e-06	-0.11710326307121394	-0.018361821018890605
5,8	-0.003343402385844352	0.014265738608931001	0.8147074958005414	-0.05270127107379798	0.04601446630210928
5,9	0.012828957442451584	0.014269509056440288	0.36865725264090543	-0.036541956574465365	0.06219987145936853
5,10	0.06112178088105985	0.014266333485583883	1.856292284966639e-05	0.011761853986060417	0.11048170777605928
5,11	-0.0013944851446227383	0.014277159363566628	0.9221950647479958	-0.05079186837318835	0.048002898083942876
5,12	-0.07460953381376374	0.014274853552774731	1.7738489349518867e-07	-0.12399893919348426	-0.02522012843404322
5,13	-0.013875495390011861	0.01426457715250138	0.3307226580878645	-0.06322934556791764	0.03547835478789392
6,7	0.01962114165982451	0.014266080327353468	0.1690587694048415	-0.02973790933585862	0.06898019265550764
6,8	-0.005070797935034649	0.014263291647809777	0.7222148982325474	-0.054420200409705057	0.04427860453963576
6,9	0.003480268598193049	0.014266957886581938	0.8072848334839271	-0.045881818654802245	0.052842355851188336
6,10	0.011861299488603885	0.014266266364776976	0.4057619137747055	-0.037498395175870065	0.061220994153077836
6,11	0.0011609646487434205	0.014266689016642407	0.9351452386653123	-0.04820019234416977	0.05052212164165661
6,12	-0.0005647967203670987	0.014268562162252259	0.9684264237045777	-0.049932434588724525	0.04880284114799033
6,13	-0.012850935542433214	0.014264061530765136	0.36765461901880503	-0.06220300172648856	0.03650113064162214
7,8	0.11058731684103548	0.01426888258834946	1.0408844143654712e-14	0.061218570334025446	0.15995606334804552
7,9	-0.027323833064865004	0.014267058915692145	0.05550982292507234	-0.07668626986734328	0.022038603737613276
7,10	0.016468340350426665	0.01426563415059904	0.2483712295990803	-0.03288916692331816	0.06582584762417149
7,11	-0.07292663368994695	0.014271207642969127	3.302121331110211e-07	-0.12230342462730551	-0.02354984275258839
7,12	-0.059567801761182204	0.0142719967215266	3.03089030716172e-05	-0.10894732282257373	-0.010188280699790678
7,13	0.010548829181732063	0.014264615574323899	0.4596209295418954	-0.03880515393140565	0.059902812294869774
8,9	0.028590384963016146	0.014263787253577217	0.04506360308780025	-0.020760732252479177	0.07794150217851147
8,10	-0.021272914875654553	0.014263614738232443	0.13589663517028935	-0.0706234352072473	0.028077605455938195
8,11	0.03890749790632002	0.01426534755412348	0.006398512553078166	-0.010449017775499926	0.08826401358813996
8,12	0.007852010494691898	0.014268193661171541	0.5821196638924853	-0.04151435240091775	0.057218373390301544
8,13	0.00813295214012549	0.014262981053257979	0.5685500214390624	-0.041215375711945765	0.05748127999219674
9,10	-0.004298886921369958	0.014266354286571322	0.7631710799969512	-0.053658885785472066	0.04506111194273214
9,11	-0.01398116173324911	0.014266087473605664	0.3271047872924234	-0.0633402374541699	0.03537791398767168
9,12	-0.015268031322747948	0.014270731865240213	0.2847066688209803	-0.06464317612208925	0.034107113476593356
9,13	0.00503118153465878	0.014263952576936908	0.7243085044148705	-0.04432050768127076	0.054382870750588314
10,11	-0.045689675558699634	0.014266283552449254	0.001367597989139924	-0.09504942969060773	0.003670078573208467
10,12	-0.012779019002954431	0.014271261087331864	0.37058281470567045	-0.062155994851862996	0.036597956845954134
10,13	0.017566139080089874	0.014263091005490995	0.2181455194852943	-0.031782569194476695	0.06691484735465644
11,12	-0.07179136815238144	0.014272310669376675	5.018412320756345e-07	-0.12117197543841114	-0.022410760866351728
11,13	-0.006558723261899695	0.014263381654482555	0.6456522758851688	-0.05590843714964572	0.04279099062584632
12,13	0.00034338785403528315	0.014266433487046861	0.9807977193785191	-0.04901688503490205	0.04970366074297261
