Params:	13
Performance_R2:	0.6907483892297238
Alpha:	0.05
Alpha_Bonf:	0.0038461538461538464
Term	Coefficient	StdErr	p_value	CI_lower	CI_upper
Intercept	7.828373186831546	0.01579965726783758	0.0	7.782675799783244	7.874070573879847
1	-0.006949425727155491	0.00872568202535958	0.42583015230918997	-0.03218673701902488	0.018287885564713897
2	0.21137979372340632	0.008726940613755755	1.3421607320899621e-120	0.18613884221326513	0.2366207452335475
3	0.1970861580002516	0.008726634189308476	4.831537266710255e-106	0.17184609276228272	0.22232622323822046
5	0.4718584737758643	0.008728875052865624	0.0	0.4466119272827924	0.4971050202689362
6	0.002125421744450004	0.008725938710273605	0.807573111891319	-0.02311263195781898	0.027363475446718986
7	0.18101319077429795	0.008726816633197345	1.352312962345561e-90	0.15577259785342665	0.20625378369516925
8	-0.09615500522327973	0.008726210361222798	8.164165669301453e-28	-0.12139384462224813	-0.07091616582431133
9	-0.08201354801045266	0.008726703011833654	9.353125371609411e-21	-0.1072538123039781	-0.05677328371692722
10	-0.052513853401574426	0.008726003576064175	1.933014076295291e-09	-0.07775209471532685	-0.027275612087822
11	0.5147873412556726	0.00873051563265005	0.0	0.4895360497097099	0.5400386328016353
12	0.19773743275709552	0.008726985679323559	1.1092500527664636e-106	0.17249635090370324	0.2229785146104878
13	0.011707053258307242	0.008725752223852844	0.17978466801944532	-0.013530461068834529	0.03694456758544901
