Params:	79
Performance_R2:	0.8031502560175994
Alpha:	0.05
Alpha_Bonf:	0.0006329113924050633
Term	Coefficient	StdErr	p_value	CI_lower	CI_upper
Intercept	7.524105614128905	0.0314411643699713	0.0	7.416576069955161	7.6316351583026485
1	-0.018393270766785652	0.024504187036395116	0.4529304968985862	-0.1021981843306191	0.0654116427970478
2	0.2769821139327201	0.024491004975270386	3.5158185754052885e-29	0.1932222833374222	0.360741944528018
3	0.3702207878773305	0.024475733151183836	3.3270692307400554e-50	0.2865131872905464	0.45392838846411454
5	0.7989036790862188	0.024369499586555723	3.0849299490800617e-207	0.7155593998652084	0.8822479583072292
6	0.007189444082729507	0.024455368570296707	0.768787913860977	-0.07644850914385139	0.0908273973093104
7	0.42943974887429526	0.024411669249582567	1.3449685173744311e-66	0.3459512483836818	0.5129282493649088
8	-0.25290037635503565	0.024470695141307026	1.0570539263234137e-24	-0.33659074682593654	-0.16921000588413476
9	-0.1615443945561505	0.02452724667299351	5.142343995497047e-11	-0.24542817263603875	-0.07766061647626224
10	-0.14275148593680884	0.02447980053097129	5.965767144712986e-09	-0.22647299706104565	-0.05902997481257202
11	0.9291746665996343	0.024352540638565106	4.980704795140629e-269	0.84588838739178	1.0124609458074887
12	0.4681161868098388	0.02447581243370017	7.657804180758099e-78	0.38440831507492734	0.5518240585447503
13	0.03134543297147028	0.024446824876464757	0.19985668794842715	-0.05226330061513485	0.11495416655807542
1,2	0.017005574582867316	0.01406000245696426	0.22654781236087743	-0.031079974587284568	0.0650911237530192
1,3	0.0028665690760027035	0.014058242299298855	0.8384376298975991	-0.04521296031227317	0.050946098464278576
1,5	0.019637974709154765	0.014060074409713637	0.16258157451706584	-0.02844782054114388	0.06772376995945341
1,6	0.0061691692752851544	0.014054104915279081	0.660717138396071	-0.04189621015936677	0.05423454870993709
1,7	-0.013720369191709825	0.014057881826113347	0.32913243258841995	-0.061798665752954604	0.034357927369534955
1,8	0.007164257271768282	0.014057830220362822	0.6103427380575761	-0.040913862796558946	0.05524237734009551
1,9	-0.024156672816139625	0.014058605658731621	0.08582829439171312	-0.07223744490248218	0.023924099270202927
1,10	0.0016935266810524582	0.014057562670067757	0.9041166826390512	-0.04638367835878113	0.049770731720886044
1,11	0.006515018150720427	0.014064458893367618	0.6432297945740212	-0.04158577213994002	0.05461580844138087
1,12	0.004216196052705443	0.014057616903817934	0.7642530451637577	-0.043861194467868195	0.05229358657327908
1,13	-0.006209040752639401	0.01405565123899816	0.6586980860493075	-0.05427970865188828	0.04186162714660948
2,3	0.1035022318795479	0.014061668029945839	2.2430878761787663e-13	0.055410986409431116	0.1515934773496647
2,5	-0.1940774584647805	0.014063402238470852	2.7684120268041796e-42	-0.24217463497008423	-0.14598028195947677
2,6	0.010001703178746216	0.014056626511151268	0.4768009548738842	-0.03807230017490362	0.05807570653239605
2,7	-0.07019865081967241	0.01405921210606349	6.216071754996174e-07	-0.1182814969705882	-0.022115804668756622
2,8	0.018165193596824745	0.014057978205802605	0.19638130018578115	-0.029913432585293213	0.0662438197789427
2,9	0.06554792515836627	0.014055828298890478	3.219830779603063e-06	0.017476651709994323	0.11361919860673822
2,10	0.08247363879541436	0.014056935311309242	4.822560652770972e-09	0.03439857933773997	0.13054869825308874
2,11	-0.15185576093571695	0.014066096373874935	8.960505287242356e-27	-0.19996215144939947	-0.10374937042203444
2,12	0.017776904241675474	0.014058157086784526	0.2061207272769344	-0.030302333717736128	0.06585614220108707
2,13	-0.02845379630713854	0.014055785894436672	0.04300589415340332	-0.07652492473125072	0.019617332116973647
3,5	0.0015755770351209772	0.014063377332747014	0.910802472471839	-0.0465215142920036	0.049672668362245556
3,6	-0.011110908089961766	0.014056448596779967	0.4293160063307291	-0.0591843029721497	0.036962486792226176
3,7	-0.10186827668612752	0.014061398483468709	5.251459435067612e-13	-0.14995860030075964	-0.053777953071495424
3,8	-0.013989369958347233	0.014057748670354434	0.3197350681181777	-0.06206721112366928	0.03408847120697481
3,9	-0.027241895638913036	0.014056874555226381	0.05270182371390884	-0.07531674730931151	0.020832956031485446
3,10	-0.047190104245706556	0.01405789273586827	0.0007963205010035195	-0.09526843811857758	0.0008882296271644705
3,11	-0.11823204666098569	0.014067186995113137	6.028956479915268e-17	-0.16634216712573585	-0.07012192619623553
3,12	-0.11698650648352593	0.014061421735454565	1.2243882254860612e-16	-0.16507690962051322	-0.06889610334653865
3,13	-0.016899951798879834	0.014054320486438959	0.22925673906936508	-0.06496606849212327	0.0311661648943636
5,6	-0.012433630288305915	0.014061595232246411	0.37663142422116713	-0.06052462678852629	0.03565736621191446
5,7	-0.16119887284986226	0.014062593182561155	6.418840057453183e-30	-0.20929328236434602	-0.11310446333537849
5,8	0.06690321125496762	0.014060954257030708	2.02882293047776e-06	0.01881440690552004	0.1149920156044152
5,9	0.05856660942606057	0.014063481994186925	3.192067689995387e-05	0.010469160154274855	0.10666405869784629
5,10	0.09619793518272328	0.01405786625378367	9.03476841866761e-12	0.04811969187922342	0.14427617848622315
5,11	-0.3161662883736863	0.014065742384393037	5.208966116450074e-105	-0.3642714682347612	-0.26806110851261145
5,12	-0.16607839048907785	0.01406463465143994	1.2938385196936257e-31	-0.2141797818766054	-0.11797699910155028
5,13	-0.034158320141921245	0.01405809892238575	0.015154428526333783	-0.08223735917767933	0.01392071889383683
6,7	0.014982965701502912	0.014057294671685625	0.2865608518234064	-0.0330933227773684	0.06305925418037422
6,8	-0.018726261256132685	0.014055143057591722	0.18282954937521131	-0.06679519116265493	0.029342668650389564
6,9	0.01673606095607641	0.014058719339688362	0.2339496687920286	-0.03134509992189344	0.06481722183404626
6,10	0.010308767627203924	0.014056282084410367	0.4633655817763126	-0.037764057778644285	0.05838159303305213
6,11	-0.007094990245180868	0.014064243777823534	0.6139610303234134	-0.05519504483546686	0.04100506434510513
6,12	0.006316171134377997	0.014056711621389507	0.6532163243493865	-0.04175812329834941	0.0543904655671054
6,13	-0.025629760754570616	0.014054301908492928	0.06828934902338649	-0.07369581391078836	0.022436292401647122
7,8	0.14784470618710732	0.014061068882817107	1.6856922787495863e-25	0.09975550981469211	0.19593390255952253
7,9	-0.011276856737011062	0.01406144487771395	0.42262167098825876	-0.05936733902108633	0.0368136255470642
7,10	0.0071004185692312635	0.014057307376275892	0.6135149679268195	-0.040975913359646676	0.0551767504981092
7,11	-0.18190404472711294	0.014067446382562594	1.9186214769366396e-37	-0.23001505230322694	-0.13379303715099894
7,12	-0.1291466254573798	0.014062287408798084	6.741050872020953e-20	-0.17723998921818293	-0.08105326169657665
7,13	0.009199201101955193	0.014056801715276254	0.5128749840041763	-0.03887540145404846	0.057273803657958845
8,9	0.010838798897737936	0.014056867451751678	0.44071579140494	-0.037236028478604896	0.05891362627408077
8,10	-0.022550648262029727	0.014054687668361944	0.1086905143123972	-0.07061802072634903	0.025516724202289568
8,11	0.08358142373734799	0.014065247047966686	3.067508366382309e-09	0.03547793793885651	0.13168490953583947
8,12	0.022322419836938112	0.014058271240462925	0.11240555221632358	-0.025757208530820315	0.07040204820469653
8,13	0.013562430962755188	0.014055338597107883	0.3346422821927324	-0.03450716769365155	0.06163202961916193
9,10	-0.012481675106506877	0.014058728140205498	0.3746930122317572	-0.06056286608245862	0.03559951586944487
9,11	0.03478384348732302	0.014063934602282165	0.01343292153220065	-0.013315153715118128	0.08288284068976416
9,12	0.009415853094289866	0.014062018892554366	0.5031578616523913	-0.03867659233445182	0.05750829852303155
9,13	0.03834431493211497	0.014057749227100303	0.006409164338233923	-0.00973352813729144	0.08642215800152139
10,11	0.034114856679223975	0.01406493597646359	0.015333646545375577	-0.01398756524718759	0.08221727860563555
10,12	-0.009091066698387724	0.014059280567999788	0.5179153810556165	-0.05717414699078494	0.03899201359400949
10,13	0.0378392087476411	0.014057581552353244	0.007140151292494835	-0.010238060870066491	0.08591647836534869
11,12	-0.17915490569663423	0.01406839958683232	2.1713856812912504e-36	-0.22726917325445314	-0.1310406381388153
11,13	-0.026555404937553234	0.014060856304758633	0.059022682480043824	-0.07464387428785628	0.02153306441274981
12,13	0.002046531661723699	0.014055171863866733	0.8842395354760232	-0.046022496762957256	0.05011556008640466
