Params:	299
Performance_R2:	0.8391088528889904
Alpha:	0.05
Alpha_Bonf:	0.00016722408026755855
Term	Coefficient	StdErr	p_value	CI_lower	CI_upper
Intercept	7.553011438649087	0.05711035396552872	0.0	7.3378149626261315	7.768207914672043
1	-0.11628320074386939	0.054384169572323615	0.0325712860051583	-0.32120719141748555	0.0886407899297468
2	0.2110377932068676	0.05484801739272477	0.00012137210636925676	0.004365986079136852	0.41770960033459836
3	0.5028000583105338	0.05438012889748414	3.9466305057050164e-20	0.29789129322957864	0.7077088233914889
5	0.7625523308498506	0.053722181817276	1.6786831405456497e-44	0.5601227640795179	0.9649818976201834
6	-0.04565189489648741	0.054101517108287915	0.39882830202519615	-0.2495108280109016	0.15820703821792678
7	0.6056173998858723	0.053991968350918386	1.0384750404648967e-28	0.4021712554323872	0.8090635443393573
8	-0.36869657100037834	0.054136122665693474	1.1401433607289808e-11	-0.5726859006801681	-0.1647072413205886
9	-0.2973400535679939	0.05456596971533349	5.410572784525855e-08	-0.5029490820219714	-0.0917310251140164
10	-0.22900874528229098	0.05402079820264538	2.3005539618961305e-05	-0.43256352297064726	-0.025453967593934673
11	0.9327454897306178	0.053655951516796314	5.538017297489731e-65	0.7305654841392925	1.134925495321943
12	0.5868080373374391	0.0542523686034653	7.644589879713344e-27	0.3823806834742311	0.7912353912006471
13	0.0035771985959550667	0.053964862696063993	0.9471526899147181	-0.19976680953723197	0.2069212067291421
1,2	-0.00859287801869521	0.043952246791638214	0.8450091083633209	-0.17420853203058967	0.15702277599319925
1,3	0.03557706730009491	0.04392327058496708	0.41800561367432887	-0.12992940199955097	0.2010835365997408
1,5	0.10124285485025541	0.043700600682986965	0.020575597542907536	-0.06342457608077134	0.2659102857812822
1,6	0.030511326865041072	0.04385784771228527	0.4866712853904481	-0.13474862370945523	0.19577127743953737
1,7	-0.0005447820241472057	0.0437850051951437	0.9900735235775174	-0.16553025604745686	0.16444069199916245
1,8	0.06568285491628584	0.04386808258840934	0.1344105115564485	-0.09961566150698387	0.23098137133955554
1,9	-0.044833206300655515	0.04402200269568901	0.3085455395051295	-0.21071170625363078	0.12104529365231975
1,10	0.0351033643550023	0.04391284742744314	0.42412036584913215	-0.13036382963618484	0.20057055834618945
1,11	0.08752493352482821	0.04363940386453504	0.04497170510955638	-0.0769119027983868	0.2519617698480432
1,12	0.034134013625393894	0.0439086365803046	0.43698301609718815	-0.13131731355001702	0.1995853408008048
1,13	0.0679747463529947	0.043822372354626535	0.12095817178242989	-0.09715153017776477	0.23310102288375417
2,3	0.12579747639287264	0.04386490871389029	0.004157646268543012	-0.039489080612105765	0.29108403339785105
2,5	-0.020903737578180148	0.043716931029612854	0.6325654592820619	-0.18563270258844317	0.14382522743208287
2,6	-0.00031454412145062727	0.04385509271332057	0.9942777506904268	-0.16556411363493986	0.1649350253920386
2,7	-0.20689131972551777	0.043791458926953006	2.3981373473362446e-06	-0.371901111937144	-0.04188152751389157
2,8	-0.00037574748351462683	0.043895285420610095	0.993170610876759	-0.16577676639925673	0.16502527143222748
2,9	0.11568799284634007	0.04394273158176769	0.008508259335872632	-0.04989180707797525	0.2812677927706554
2,10	0.07914399042309728	0.043864145630862085	0.07127075727743305	-0.08613969122273554	0.2444276720689301
2,11	0.022025572587826503	0.04365696458139332	0.6139317020589963	-0.14247743395010334	0.18652857912575635
2,12	0.059205723800160426	0.04386315999402807	0.17717328919474148	-0.10607424388561801	0.22448569148593886
2,13	-0.04531154884929409	0.04382083893026514	0.3011992372597134	-0.21043204731187665	0.11980894961328847
3,5	-0.10363428538014405	0.04368194586503607	0.017723294876815496	-0.2682314234342206	0.060962852673932505
3,6	0.00973441392435348	0.04380511684328236	0.8241548984832678	-0.15532684243098416	0.17479567027969112
3,7	-0.26572929495250536	0.043710693212498895	1.337365977501195e-09	-0.43043475535865033	-0.10102383454636038
3,8	-0.10544478049498479	0.043820945116237	0.016168247170630427	-0.27056567907497797	0.05967611808500836
3,9	-0.08685917507651522	0.04394515654665074	0.048172711986113	-0.25244811246647514	0.07872976231344472
3,10	-0.10901100202941671	0.043877115180652404	0.013021289505804582	-0.27434355399764615	0.05632154993881272
3,11	-0.1518693071232214	0.04362987966754011	0.000505939555840487	-0.31627025549463883	0.012531641248196057
3,12	-0.24389337825865565	0.04385064472853361	2.8689588227817338e-08	-0.4091261874023504	-0.07866056911496092
3,13	0.01382961606380002	0.04378127143584489	0.7521126834123519	-0.15114178884966123	0.17880102097726125
5,6	0.01699094157844372	0.043581042027663205	0.6966564499331047	-0.1472259825789909	0.18120786573587833
5,7	-0.37180415945568407	0.0435405812213227	1.986932049308715e-17	-0.5358686239917552	-0.20773969491961303
5,8	0.1169915002100563	0.04361693754576831	0.007347340515294658	-0.04736068118997741	0.28134368161009005
5,9	0.19512223004552973	0.043712656900428484	8.308435445945885e-06	0.030409370302957733	0.35983508978810175
5,10	0.18465098629979226	0.04362210387813616	2.3656556840705885e-05	0.02027933773763596	0.34902263486194857
5,11	-0.295483869633536	0.043462638763408355	1.2376776376500454e-11	-0.459254640625248	-0.131713098641824
5,12	-0.26872943100563795	0.04362922757865625	8.132776424331327e-10	-0.43312792225290686	-0.10433093975836905
5,13	-0.031809912269806284	0.043569327028142785	0.465378798760295	-0.19598269335267815	0.13236286881306558
6,7	0.11270619115406344	0.04372160635615363	0.00998337588736988	-0.0520403908682818	0.2774527731764087
6,8	-0.026229508905455362	0.043792934937389186	0.5492491935914501	-0.1912448628449012	0.13878584503399047
6,9	0.06727093587696337	0.04390991905301911	0.12560776272764587	-0.09818522376033223	0.23272709551425896
6,10	0.026980634435372297	0.04381293879238594	0.5380572316348069	-0.13811009566274302	0.1920713645334876
6,11	-0.004327543224609431	0.043568437468067406	0.920883961191917	-0.16849697237249683	0.15984188592327797
6,12	0.029744517180509245	0.04379321370512531	0.4970537671651726	-0.1352718871785239	0.1947609215395424
6,13	-0.06405029012368764	0.04374956682520568	0.1432782127603366	-0.22890222947601163	0.10080164922863637
7,8	0.28938225996843064	0.04372510777830421	4.1920503002473194e-11	0.12462248430157868	0.4541420356352826
7,9	0.0006816173082511978	0.043814929472978985	0.987588909819497	-0.1644166138368506	0.165779848453353
7,10	0.043442553837765935	0.04372964574998721	0.32056693905038935	-0.12133432127685101	0.20821942895238288
7,11	-0.3945800295329056	0.04352264972115032	2.0095967600847521e-19	-0.5585769267124648	-0.23058313235334635
7,12	-0.3647449924741034	0.043695571484877266	9.930722661965464e-17	-0.5293934729760874	-0.20009651197211936
7,13	-0.021824545467085843	0.04362865090975827	0.6169416755220338	-0.18622086377887	0.14257177284469832
8,9	0.15758089352706145	0.04388427009502417	0.00033416757235389633	-0.007778618742621923	0.3229404057967448
8,10	0.04909188556511157	0.04382682194340946	0.2627339892035309	-0.11605115737943014	0.21423492850965328
8,11	0.16873631791548532	0.04360932216947803	0.00011115462507757858	0.004412831875004908	0.33305980395596574
8,12	0.02576741230760718	0.04382736695606805	0.5566174844663243	-0.13937768428912495	0.1909125089043393
8,13	0.03583904681126375	0.04376210631194258	0.4128699314223554	-0.1290601423507628	0.20073823597329032
9,10	0.03891608221572537	0.04395782820866598	0.3760531627371061	-0.12672060303117622	0.20455276746262696
9,11	0.0812599834720445	0.04365026150159337	0.06274135146580387	-0.08321776531398417	0.24573773225807316
9,12	0.08706842238368795	0.043957799969987665	0.04770021026789464	-0.07856815645756846	0.2527050012249443
9,13	0.10052314598319503	0.043885063752653296	0.022045877944324534	-0.06483935685322617	0.26588564881961624
10,11	0.06024142869575172	0.043605394508633995	0.16720962613182186	-0.10406725759802848	0.22455011498953192
10,12	-0.0043138672111371346	0.0438377295435165	0.9216160745212518	-0.16949801088333885	0.16087027646106458
10,13	0.10814590701526697	0.04379133178629375	0.013574926140700673	-0.05686340611997587	0.2731552201505098
11,12	-0.34369870322947393	0.04365422083435397	4.576750324245878e-15	-0.50819137110457	-0.17920603535437785
11,13	-0.053039575828897234	0.04353468379778389	0.22318123267362222	-0.2170818183916299	0.11100266673383544
12,13	-0.012968504209808787	0.0437965416699391	0.767165254871757	-0.17799744861194317	0.15206044019232562
1,2,3	-0.005467342660517134	0.02628465132390398	0.8352370851146896	-0.10451005463198201	0.09357536931094776
1,2,5	-0.023780546250635914	0.026284132205420144	0.3656607289245426	-0.12282130214127478	0.07526020964000295
1,2,6	-0.012916387784072919	0.026273079149869635	0.6230184631403886	-0.11191549485906635	0.08608271929092051
1,2,7	0.020459212025739693	0.026279086089846478	0.43630591394444596	-0.07856252968947114	0.11948095374095052
1,2,8	0.013289300016091632	0.026269090196741778	0.6129650133775146	-0.08569477635787245	0.11227337639005572
1,2,9	0.014367777751726936	0.02627817552245547	0.584580598029919	-0.08465053287121918	0.11338608837467304
1,2,10	0.03967697011113787	0.02628091600165141	0.1312039704860637	-0.05935166686114127	0.138705607083417
1,2,11	-0.013881302345585766	0.026301247166402607	0.5976847877920892	-0.11298654880640949	0.08522394411523795
1,2,12	0.006870604066707003	0.026284059774360175	0.7938009191570781	-0.09216987889778488	0.10591108703119889
1,2,13	0.013638488896426548	0.02626557143595657	0.603616918701796	-0.08533232849964009	0.11260930629249319
1,3,5	0.004470926027977856	0.02628249118601775	0.8649331437327682	-0.09456364636758595	0.10350549842354166
1,3,6	0.02149461362502053	0.026269738262606958	0.41328332787460664	-0.0774919047140293	0.12048113196407036
1,3,7	-0.01985426467049413	0.02627839038481902	0.4499785334287455	-0.11887338491236667	0.07916485557137841
1,3,8	0.0017909551373833793	0.026284209164985896	0.9456796319109764	-0.09725009074318193	0.10083200101794869
1,3,9	0.007680824953038151	0.026273734143849398	0.7700451704508611	-0.09132075019274234	0.10668240009881864
1,3,10	0.006891591247903693	0.026272417248995233	0.7930957740943345	-0.09210502173055982	0.10588820422636722
1,3,11	-0.044525332026973376	0.026303417171519884	0.09059067914185388	-0.1436387552442303	0.05458809119028355
1,3,12	-0.0264105746949624	0.026275393012422016	0.31489679323512787	-0.1254184005929485	0.0725972512030237
1,3,13	-0.0064158341276173425	0.026267228734406338	0.8070496863051541	-0.1053928963595385	0.09256122810430381
1,5,6	-0.015661493771303325	0.02627528974032133	0.5511777398409738	-0.11466893053158327	0.08334594298897662
1,5,7	-0.018259883424216375	0.02628383497835442	0.4872775587098812	-0.11729951933900705	0.0807797524905743
1,5,8	-0.034042668665723044	0.026282714380811895	0.19531987217590932	-0.133078082077492	0.0649927447460459
1,5,9	-0.005567737923690079	0.0262833296237711	0.8322478671426159	-0.1046054696211555	0.09346999377377535
1,5,10	-0.019609580920661167	0.026275316698361664	0.4555292915374757	-0.11861711926103785	0.0793979574197155
1,5,11	-0.029546550286043846	0.026291756386078027	0.26117717817300656	-0.12861603471181188	0.0695229341397242
1,5,12	0.0062548618857487664	0.02628251371727669	0.8119061679087769	-0.09277979540943809	0.10528951918093563
1,5,13	-0.023425599761613153	0.026260995828474566	0.3724382577363401	-0.12237917589515171	0.0755279763719254
1,6,7	-0.01069277512726289	0.026271906568052544	0.6840298888920555	-0.10968746381824421	0.08830191356371844
1,6,8	0.011056132546210871	0.026271835435076756	0.6739007909153133	-0.08793828810991064	0.1100505532023324
1,6,9	0.008937928511264737	0.026278298125497136	0.7337822180557038	-0.09008084408995123	0.10795670111248071
1,6,10	-0.0339064454322905	0.026263318315479664	0.19678254011289187	-0.13286877288646362	0.06505588202188262
1,6,11	0.020836154628796344	0.02628815427836737	0.42806114195640177	-0.07821975676105501	0.1198920660186477
1,6,12	-0.027978720327033094	0.026272059053539052	0.2869671945990297	-0.12697398359577594	0.07101654294170975
1,6,13	-0.008426881175554072	0.026256345379621623	0.748270174004011	-0.10736293403816906	0.09050917168706092
1,7,8	-0.010402816160213865	0.026277447817743483	0.692214937467692	-0.10941838473239805	0.08861275241197032
1,7,9	0.03454175657535501	0.026278000918351186	0.1887729969783543	-0.06447589612507212	0.13355940927578214
1,7,10	-0.02975005208940884	0.026270495067218895	0.2575225895049699	-0.1287394221300192	0.06923931795120153
1,7,11	-0.028059097934770988	0.026293421249246936	0.28597663703894033	-0.12713485570087285	0.07101665983133086
1,7,12	0.03379227631536268	0.026281536929560107	0.19860510815578325	-0.0652387003639667	0.13282325299469208
1,7,13	-0.0030833832846099245	0.026263158571980326	0.9065471686182418	-0.10204510881223668	0.09587834224301682
1,8,9	0.012868848895099635	0.02627448395681218	0.6243168011428639	-0.08613555160713661	0.11187324939733588
1,8,10	-0.025058466058782862	0.026265900522610026	0.34013433701636864	-0.12403052348022517	0.07391359136265943
1,8,11	-0.04671755828328779	0.02629378554460697	0.07569597514079791	-0.145794688744046	0.052359572177470406
1,8,12	-0.015560806747422884	0.026277156351302115	0.5537684030399681	-0.11457527705026174	0.08345366355541597
1,8,13	-0.023717565741209798	0.026267798496392943	0.36663377987336454	-0.12269677488280978	0.07526164340039018
1,9,10	-0.00018999804934383135	0.02627320184414906	0.9942304583353136	-0.09918956744639844	0.09880957134771078
1,9,11	0.013852874133705124	0.026292300521866648	0.5983107473813871	-0.0852186606401357	0.11292440890754596
1,9,12	-0.0002038434154794655	0.02627826003200506	0.9938112251171642	-0.09922247247730748	0.09881478564634855
1,9,13	-0.038218513846005796	0.026265730432356752	0.14573939800118227	-0.1371899303534882	0.060752902661476614
1,10,11	-0.006437310283852506	0.026287554004527442	0.8065633264456797	-0.10549095979287085	0.09261633922516585
1,10,12	0.008406993467102334	0.02626735451100249	0.7489459261103275	-0.09057054270130108	0.10738452963550574
1,10,13	-0.00220372380369456	0.026258429077644006	0.9331213243530294	-0.10114762821056339	0.09674018060317427
1,11,12	-0.004525128304799803	0.02629574237820655	0.863379918198357	-0.10360963227430996	0.09455937566471036
1,11,13	-0.022786919562621695	0.026278528833310884	0.3859299886116728	-0.12180656148971403	0.07623272236447062
1,12,13	-0.0386869027169568	0.02625703405381658	0.14073553583151815	-0.13762555056015924	0.06025174512624564
2,3,5	-0.15948354877412094	0.02629828199796094	1.4656826979674184e-09	-0.2585776222381909	-0.06038947531005094
2,3,6	0.03356443531412517	0.0262843581759287	0.20169644430592415	-0.06547717205183734	0.13260604268008766
2,3,7	0.03779595848709436	0.026287001334785877	0.15057495473621743	-0.06125560851721982	0.13684752549140855
2,3,8	0.11038861797518698	0.026280663121182192	2.731350155232304e-05	0.011360933877160098	0.20941630207321388
2,3,9	0.03744057806023707	0.026273472796652573	0.1542369205621198	-0.061560012307970355	0.1364411684284445
2,3,10	0.14290980367706946	0.02628453562853576	5.7894853261191754e-08	0.04386752765519697	0.24195207969894195
2,3,11	-0.16948950424883202	0.026304919242855173	1.3294056583615513e-10	-0.2686085873935039	-0.07037042110416011
2,3,12	-0.04349404066785065	0.026283431705355263	0.09805328330645069	-0.14253215701705876	0.05554407568135747
2,3,13	-0.02146425533440072	0.026271859887002466	0.4139810068934311	-0.12045876812737448	0.07753025745857305
2,5,6	0.0050151438626399175	0.02628290917603056	0.8486825098329034	-0.09402100355341532	0.10405129127869515
2,5,7	0.10167410508589052	0.02628512738224243	0.00011167720889006185	0.002629599287742687	0.20071861088403836
2,5,8	-0.02975416199691898	0.026280365502349544	0.25763560151315895	-0.12878072464288792	0.06927240064904996
2,5,9	-0.09865328640023936	0.026286517429020332	0.00017757377414239013	-0.19770303000812467	0.0003964572076459588
2,5,10	-0.16653135734395316	0.02628325539844566	2.6588023089082436e-10	-0.26556880935433286	-0.06749390533357348
2,5,11	0.08736836027828702	0.026289654406732567	0.0008987680604606833	-0.011693203717709405	0.18642992427428345
2,5,12	-0.07118369273734393	0.026282796360690537	0.006794314898972208	-0.17021941505598814	0.027852029581300286
2,5,13	0.011512847286169085	0.026268892810015328	0.6612182497734316	-0.08747048531849581	0.11049617989083398
2,6,7	-0.0031478438306350026	0.02627453284224505	0.9046438087318811	-0.10215242853717314	0.09585674087590314
2,6,8	0.020080210913343943	0.026265049686786397	0.44460784562893574	-0.07888864048925578	0.11904906231594367
2,6,9	-0.023584210871834946	0.02627042782163171	0.3693820888757152	-0.12257332752558311	0.07540490578191322
2,6,10	0.05956312567023204	0.026267086793656805	0.023414746688855043	-0.03941340171735736	0.15853965305782144
2,6,11	-0.021676070841754908	0.02628491417545408	0.40962199286985157	-0.12071977325931882	0.077367631575809
2,6,12	-0.005445229123181336	0.026269017038313247	0.8357977154599356	-0.10442902983021433	0.09353857158385166
2,6,13	-0.036038394015032754	0.02626180862880447	0.17006635703524695	-0.13499503284656844	0.06291824481650293
2,7,8	-0.036228367169802045	0.026271305916119	0.167980323625808	-0.13522079255526276	0.06276405821565866
2,7,9	0.03187167145247442	0.026277905102601994	0.22526175664208611	-0.0671456202063877	0.13088896311133655
2,7,10	0.01280733550097233	0.026269933897059828	0.6259146251095964	-0.08617992000466679	0.11179459100661143
2,7,11	0.04507818499878637	0.026292348900029936	0.08652602308731737	-0.05399353206792314	0.14414990206549588
2,7,12	0.04113688088745021	0.026284936588782275	0.11766502591216578	-0.05790690598536408	0.1401806677602645
2,7,13	0.024839021414755268	0.02626012930998851	0.34427350450347105	-0.07411128960638844	0.12378933243589896
2,8,9	-0.023491413295876916	0.02626533173215784	0.37117566620370845	-0.12246132746846139	0.07547850087670757
2,8,10	0.0029446316453409366	0.02626649048419926	0.9107457913575366	-0.09602964879953191	0.10191891209021378
2,8,11	-0.03867402150622418	0.026289444687265778	0.14135811834399536	-0.137734795262149	0.06038675224970065
2,8,12	0.03860276951094483	0.026275010247099044	0.1418735627572667	-0.06040361409605675	0.13760915311794641
2,8,13	-0.014021248449676055	0.026263875306871194	0.59347196768834	-0.11298567469288322	0.0849431777935311
2,9,10	0.01699314785182035	0.02627201474717353	0.5177938462061139	-0.0820019484669202	0.1159882441705609
2,9,11	-0.07760711354511393	0.026287740963061645	0.003176036943510698	-0.17666146752915177	0.021447240438923904
2,9,12	-0.005377785324534819	0.026275930901105533	0.8378451466734709	-0.10438763803099169	0.09363206738192204
2,9,13	0.025214355129157356	0.02625697940613756	0.3369750118983702	-0.0737240867971293	0.12415279705544402
2,10,11	-0.12946963468826897	0.026292583482865207	8.863843415861105e-07	-0.22854223568225226	-0.030397033694285674
2,10,12	0.027809301629038996	0.02627093040660648	0.28987439452286606	-0.0711817088059233	0.12680031206400127
2,10,13	0.011817568303683502	0.02626118410963215	0.6527374078868591	-0.0871367172886274	0.11077185389599442
2,11,12	-0.0543625079431416	0.026297944673425774	0.0387910168194791	-0.15345531034082516	0.04473029445454195
2,11,13	0.029121163982131163	0.026280224768422226	0.2678941975471697	-0.06990486836691065	0.12814719633117297
2,12,13	-0.013463853748737781	0.026257167774910797	0.6081455705467099	-0.11240300546393973	0.08547529796646418
3,5,6	-0.008992293117305233	0.026284309740691018	0.7322838987580831	-0.10803371797533808	0.09004913174072761
3,5,7	0.1602084117741686	0.0262811828058718	1.2065434227410604e-09	0.06117876946180613	0.2592380540865311
3,5,8	0.06002762512048951	0.026277863753636888	0.022411205047781796	-0.03898951073209651	0.15904476097307552
3,5,9	0.030576743625297567	0.026287751121817624	0.24484589563649464	-0.06847764863776212	0.12963113588835726
3,5,10	0.11932559196975268	0.026272895881760468	5.766819309304757e-06	0.020327175463955932	0.21832400847554942
3,5,11	-0.16237863304508499	0.026281841088870876	7.222874446261552e-10	-0.26141075582152784	-0.06334651026864216
3,5,12	0.14512104716132398	0.026285337922612846	3.616999482773792e-08	0.046075748029872673	0.24416634629277528
3,5,13	0.01882650282067607	0.026269011224426327	0.4736188570718457	-0.0801572759791564	0.11781028162050852
3,6,7	-0.020928364897546674	0.02627401994492579	0.4257711389600678	-0.11993101696511477	0.0780742871700214
3,6,8	-0.035185480911654084	0.02626665362011744	0.1804790697948728	-0.13416037606598444	0.06378941424267628
3,6,9	0.013955903784019404	0.026266964213496013	0.5952376992919973	-0.08502016171151713	0.11293196927955593
3,6,10	-0.04370049734546373	0.026264616971813124	0.09623128993371288	-0.1426677182427189	0.055266723551791436
3,6,11	-0.007391877561118337	0.026288615705025425	0.7785877066877278	-0.10644952764428643	0.09166577252204976
3,6,12	-0.004259287524252614	0.026266278275170495	0.8711908065740392	-0.1032327683481811	0.09471419329967587
3,6,13	0.020088472421192244	0.026260348182529345	0.44433898855491294	-0.07886266332955327	0.11903960817193776
3,7,8	0.007612419505205956	0.02628367420947377	0.7721200370535856	-0.09142661061931785	0.10665144962972976
3,7,9	0.002534371220982448	0.026277953601019876	0.923172871579208	-0.09648310318387748	0.10155184562584238
3,7,10	-0.04536582526409646	0.026276580653795	0.08435069807704126	-0.14437812629173066	0.05364647576353775
3,7,11	0.11006462711780615	0.026297548358325876	2.9173783788938354e-05	0.010973318067772742	0.20915593616783956
3,7,12	0.07975422160947358	0.02628405401657978	0.0024285491798338413	-0.019286239659231735	0.1787946828781789
3,7,13	0.01250497143199581	0.026267381716969403	0.6340581231618139	-0.08647266725071193	0.11148261011470353
3,8,9	-0.018457568938901013	0.026268412629147597	0.4823191114801424	-0.11743909218285609	0.08052395430505405
3,8,10	-0.023548428428374762	0.026279245479500946	0.37026933985494326	-0.12257077073681562	0.07547391388006609
3,8,11	0.0508591344952114	0.026303671789967856	0.053250775772444726	-0.04825524814514359	0.1499735171355664
3,8,12	0.02771956788894557	0.02628124109364728	0.29162260905580634	-0.07131029405651333	0.12674942983440446
3,8,13	-0.0037976996797020428	0.026263017222080798	0.8850330183337993	-0.10275889258936807	0.09516349322996398
3,9,10	-0.03787367557391989	0.026274191205110032	0.14953930597635598	-0.13687697296384327	0.06112962181600348
3,9,11	0.0639102555517741	0.026283086233414507	0.015081799712274423	-0.03512655903095818	0.16294707013450638
3,9,12	0.01128925759564569	0.02627183334572155	0.6674334585319363	-0.08770515518761485	0.11028367037890624
3,9,13	0.0001524780935500021	0.026265819573462593	0.995368485616553	-0.09881927430489637	0.09912423049199637
3,10,11	0.09578691239208992	0.0262944486706897	0.0002735484609052412	-0.003292716781883198	0.19486654156606303
3,10,12	-0.03265166968129964	0.026278630030741594	0.2141289737540669	-0.13167169292857225	0.06636835356597298
3,10,13	-0.06915695597904174	0.026266517350706394	0.008503390170962659	-0.16813133765910676	0.029817425701023262
3,11,12	0.11798685474211541	0.0262983792625994	7.474763263802675e-06	0.018892414776947364	0.21708129470728346
3,11,13	0.011434346666367536	0.026282084560033284	0.6635440313578556	-0.08759869352929134	0.11046738686202642
3,12,13	-0.026292914252273276	0.02626716432792012	0.3169057041518272	-0.12526973379529646	0.07268390529074992
5,6,7	-0.034527832411251125	0.026277559329200728	0.18894381528972423	-0.1335438211677096	0.06448815634520735
5,6,8	0.015356823577484122	0.026279296891917714	0.5590093999820152	-0.08366571245714023	0.11437935961210847
5,6,9	-0.03161906557385263	0.026279582810379645	0.22898830244287816	-0.1306426789725829	0.06740454782487762
5,6,10	-8.347087737495262e-05	0.026275435504596545	0.9974654942242949	-0.09909145688934358	0.09892451513459367
5,6,11	-0.007005904328518553	0.026282660658225925	0.7898237497253573	-0.10604111530919785	0.09202930665216075
5,6,12	0.0014287351357730599	0.02628021706004	0.9566471368132494	-0.09759726816745523	0.10045473843900135
5,6,13	0.014846388987194873	0.026265316167521247	0.5719421517131487	-0.08412346653656828	0.11381624451095802
5,7,8	-0.04338040393674568	0.02628229627029319	0.09891920617564742	-0.14241424187394713	0.055653434000455776
5,7,9	-0.036817202822265194	0.026293791868593604	0.16153506724893538	-0.13589435711232128	0.0622599514677909
5,7,10	-0.010105899168689148	0.026273544151054297	0.7005263669556226	-0.10910675840610738	0.08889496006872909
5,7,11	0.1080533424533438	0.02629198547397372	4.052029710314476e-05	0.008982994805682903	0.2071236901010047
5,7,12	0.1913972687892368	0.026290907678101636	4.104929431281778e-13	0.09233098236440922	0.29046355521406436
5,7,13	-0.005103049476834133	0.02626910793094003	0.8459832326257468	-0.10408719267470498	0.09388109372103673
5,8,9	-0.03437425599486761	0.02627746151581598	0.19091637320084823	-0.13338987618250722	0.064641364192772
5,8,10	-0.007829709906248927	0.02626841902731015	0.7656708969626929	-0.10681125725900281	0.09115183744650496
5,8,11	0.002109585432734762	0.02629111472712	0.9360513884081205	-0.09695748116969674	0.10117665203516626
5,8,12	-0.03013315935716776	0.02628264745828463	0.2516652662715072	-0.12916832059939065	0.06890200188505514
5,8,13	-0.00010129931775960596	0.026259059274364754	0.9969222365355634	-0.09904757835731919	0.09884497972179997
5,9,10	-0.011520747719635668	0.026282990095663126	0.6611707657523516	-0.11055720004747241	0.08751570460820107
5,9,11	0.0006315317445644564	0.026283887002101214	0.9808321784690182	-0.09840830019995117	0.09967136368908008
5,9,12	-0.039801273164119036	0.026285755522183374	0.1300716087131071	-0.1388481458448434	0.059245599516605324
5,9,13	-0.05108394383127316	0.026282929651778343	0.05202193623536987	-0.15012016840161763	0.0479522807390713
5,10,11	-0.07140386722530964	0.02627396326821788	0.006606869986227806	-0.17040630573041543	0.02759857127979616
5,10,12	0.016913581230847373	0.026278344136870642	0.5198564214455156	-0.08210536474498017	0.1159325272066749
5,10,13	-0.024514049785129395	0.02626985179389466	0.35080042705644565	-0.12350099591933955	0.07447289634908075
5,11,12	-0.024438496653101827	0.026302589443028386	0.3528865145089203	-0.12354880092183004	0.07467180761562639
5,11,13	0.04688017400770275	0.026266086363675747	0.07437770865463567	-0.05209258367804656	0.14585293169345206
5,12,13	0.004100385228208138	0.026268879324845507	0.8759688298041314	-0.09488289656323598	0.10308366701965227
6,7,8	0.012176027954829777	0.026276967091960157	0.6431261633937682	-0.08683772920335814	0.11118978511301769
6,7,9	-0.021464070460538838	0.026277307710131783	0.4140818180909178	-0.12047911109580425	0.07755097017472659
6,7,10	-0.0034164891809296896	0.026267142195710365	0.8965208881282636	-0.10239322532797973	0.09556024696612034
6,7,11	-0.0411600213649578	0.026283164108564162	0.11743402920720412	-0.14019712938761142	0.05787708665769583
6,7,12	-0.06291941598252074	0.026278429239477624	0.016702882980979498	-0.16193868263191885	0.036099850666877376
6,7,13	-0.011325257369680625	0.0262569415108717	0.6662592041706807	-0.1102635565035119	0.08761304176415065
6,8,9	-0.015060577458021203	0.02626526569643822	0.5664089146573925	-0.11403024280262325	0.08390908788658083
6,8,10	0.004116763776749008	0.026261028241086982	0.8754405126618161	-0.09483693449015917	0.10307046204365719
6,8,11	-0.00807550840155475	0.02628503085016558	0.7586878429271096	-0.1071196504589565	0.09096863365584698
6,8,12	0.025255685670014835	0.02626651057556195	0.3363590802172268	-0.0737186704807528	0.12423004182078247
6,8,13	-0.010343715647813563	0.026258743349831453	0.6936677762498833	-0.10928880425794074	0.0886013729623136
6,9,10	0.004735494922294782	0.026270348881301517	0.8569588645696637	-0.09425332427784483	0.10372431412243438
6,9,11	-0.02747827135993447	0.026283754085262186	0.2958888142336552	-0.1265176024629498	0.07156105974308086
6,9,12	-0.022621668403564534	0.026273456411062497	0.38929251102044937	-0.12162219702953089	0.07637886022240181
6,9,13	0.0191181634907411	0.02627259687426813	0.46685549493103384	-0.07987912633041463	0.11811545331189682
6,10,11	0.002945782923988803	0.026279973747268075	0.9107566603729682	-0.09607930355685171	0.10197086940482933
6,10,12	-0.03286526320191989	0.026266254635868066	0.21093250940403102	-0.13183865495102698	0.06610812854718721
6,10,13	0.011506726954532247	0.026262322702692506	0.6613076887573187	-0.08745184894938068	0.11046530285844516
6,11,12	0.04205032597535817	0.026289944896865487	0.10980376260471544	-0.05701233261117365	0.14111298456188998
6,11,13	0.03796490209915053	0.026277356233692137	0.1486104717766216	-0.061050321376851596	0.13698012557515266
6,12,13	0.04149954356821511	0.02625240460905844	0.11401661094057428	-0.05742166014920768	0.1404207472856379
7,8,9	-0.0837031246249248	0.02627933875557175	0.0014596299973805734	-0.18272581840521515	0.015319569155365559
7,8,10	-0.010209937320265226	0.026268612333932427	0.6975407195337949	-0.10919221306815272	0.08877233842762225
7,8,11	-0.07778294469097355	0.026300808514575964	0.0031229023255145366	-0.17688653827590456	0.021320648893957447
7,8,12	-0.03358090291341166	0.02628413381226572	0.20147151433286076	-0.13262166485877583	0.0654598590319525
7,8,13	-0.008524758272021801	0.026258933481812005	0.7454713262787939	-0.10747056331497337	0.09042104677092977
7,9,10	-0.0036161409286615265	0.02628059345931612	0.8905665577873223	-0.1026435625350901	0.09541128067776705
7,9,11	0.034372109467028844	0.026291446736582704	0.1911801398626625	-0.06469620817416216	0.13344042710821985
7,9,12	0.005142389651533786	0.026293251818449062	0.8449516239288983	-0.09393272968548996	0.10421750898855753
7,9,13	0.016760015950820894	0.026272887686282248	0.523567214695692	-0.08223836967374487	0.11575840157538667
7,10,11	0.014185934738042062	0.026287297967924842	0.5894729930096757	-0.0848667500041558	0.11323861948023992
7,10,12	0.014853012550813015	0.02627934656242234	0.5719759741193496	-0.08416971064632768	0.11387573574795372
7,10,13	-0.010945238445220173	0.026262509535235082	0.6768774980967986	-0.10990451834940584	0.08801404145896549
7,11,12	0.2094135709465225	0.026308267051927077	2.3062537550497752e-15	0.11028187298396473	0.30854526890908024
7,11,13	0.04689437941690614	0.026276195161135003	0.07440140972835821	-0.05211646904291498	0.14590522787672727
7,12,13	-0.006832909527758061	0.02625955608076106	0.7947197671929973	-0.10578106057437638	0.09211524151886026
8,9,10	-0.030960506322809306	0.026269235826668406	0.23864411126905857	-0.12994513144222564	0.06802411879660701
8,9,11	-0.055230364993810406	0.026284591437434255	0.035690978602586715	-0.15427285130816845	0.043812121320547646
8,9,12	-0.02789588757446637	0.026276110920697586	0.2884705597596883	-0.12690641860944224	0.07111464346050948
8,9,13	-0.018420613342867445	0.02626093359511102	0.48307179931492616	-0.11737395497601165	0.08053272829027676
8,10,11	0.003160194715801999	0.026277441844553256	0.9042820131397299	-0.09585535134891379	0.10217574078051778
8,10,12	-0.04011342173488135	0.02626768503626371	0.1268263610732739	-0.13909220334945188	0.0588653598796892
8,10,13	-0.014101558166693492	0.026265457138842097	0.591380524574764	-0.11307194488190199	0.084868828548515
8,11,12	0.0020081117492112277	0.02630029820707472	0.9391424825165563	-0.09709355895539545	0.10110978245381791
8,11,13	-0.001870658628758605	0.02628248316379193	0.9432624675214143	-0.10090520079592061	0.09716388353840341
8,12,13	0.046723974314340465	0.026259573002565154	0.07527560016225661	-0.05222424049501711	0.14567218912369803
9,10,11	0.031147182660796004	0.02628334062582232	0.2360766903835368	-0.06789059049329657	0.1301849558148886
9,10,12	-0.05289065948378402	0.02628289092695738	0.044258582216004025	-0.15192673813584173	0.046145419168273694
9,10,13	-0.022121596085372813	0.026268476369417718	0.3997702336231991	-0.12110335950786923	0.0768601673371236
9,11,12	-0.01942659173310443	0.026300276421759406	0.46017169087654164	-0.11852818034886452	0.07967499688265565
9,11,13	-0.05969918968291582	0.02627492227483172	0.0231411832623401	-0.15870524180323237	0.03930686243740074
9,12,13	-0.00437624981424104	0.026261265269579198	0.867660794695958	-0.10333084122385804	0.09457834159537597
10,11,12	0.05550773773630746	0.026294273288598183	0.03484150329378816	-0.04357123058362726	0.1545867060562422
10,11,13	-0.04409965464355285	0.02627387753340392	0.09334681802173968	-0.14310177009288058	0.05490246080577488
10,12,13	0.019420042610422735	0.02626608585582957	0.459739305278567	-0.07955271316172072	0.1183927983825662
11,12,13	0.002826609778533922	0.026279425949949684	0.9143510683507293	-0.09619641255729072	0.10184963211435857
