Params:	14
Performance_R2:	0.7982130772568701
Alpha:	0.05
Alpha_Bonf:	0.0035714285714285718
Term	Coefficient	StdErr	p_value	CI_lower	CI_upper
Intercept	6.780533403495198	0.014589543983034381	0.0	6.738009836120977	6.82305697086942
1	0.0061140466800004845	0.007831826152107544	0.435023454987821	-0.016713067548491684	0.028941160908492653
2	0.2979527449173074	0.007834449475940489	3.0281363217695307e-289	0.2751179845904941	0.3207875052441207
3	0.2251413564709681	0.007833599772019128	2.629099297764375e-172	0.20230907274260027	0.24797364019933596
4	0.8871296744839563	0.007835205936250174	0.0	0.8642927093321682	0.9099666396357444
5	0.561425681810056	0.007832248224232228	0.0	0.5385973373846192	0.5842540262354928
6	0.0032114329641398376	0.007831784202880736	0.6817802141154923	-0.019615558996598486	0.02603842492487816
7	0.2067519951207673	0.007832266505270968	7.764277025404489e-147	0.18392359741230926	0.22958039282922535
8	-0.09715349745678839	0.007831494935963768	5.426936681994868e-35	-0.11997964630267356	-0.07432734861090322
9	-0.12730366305597052	0.007831925769903547	2.114746539106304e-58	-0.1501310676365165	-0.10447625847542451
10	-0.06529170919773675	0.007831785098080017	9.021156789429419e-17	-0.08811870376767704	-0.042464714627796454
11	0.662096132593478	0.007832069690522987	0.0	0.6392683085331892	0.6849239566537668
12	0.18645607364714306	0.007833605490764126	9.976256739081932e-121	0.16362377325057514	0.20928837404371098
13	0.008589025559766941	0.007831345705665682	0.2727865304291978	-0.0142366883304649	0.031414739449998785
