Params:	14
Performance_R2:	0.28699865082193987
Alpha:	0.05
Alpha_Bonf:	0.0035714285714285718
Term	Coefficient	StdErr	p_value	CI_lower	CI_upper
Intercept	1.947971242918718	0.02118123065031044	0.0	1.8862282821012666	2.009714203736169
1	0.008652425984169118	0.011423044788316251	0.44881064891602773	-0.024645573477003087	0.041950425445341326
2	0.029607613130648736	0.01143272182624557	0.009630587173133694	-0.003718594746906969	0.06293382100820444
3	-0.5287865035482822	0.011469101560659885	0.0	-0.5622187577908284	-0.4953542493057359
4	0.059949605683726676	0.01144556923094348	1.6855573154479785e-07	0.02658594781953115	0.0933132635479222
5	-0.02024332912398895	0.01141558585289258	0.07623335120548423	-0.05351958590338752	0.013032927655409622
6	0.027744739769709263	0.011408866553234875	0.015053338083720943	-0.005511930354771297	0.061001409894189826
7	-0.05623718319198602	0.01141736761955664	8.657267045031278e-07	-0.08951863379374275	-0.022955732590229296
8	0.0013438704636905222	0.011408492648197491	0.9062339047083501	-0.03191170973337016	0.0345994506607512
9	-0.04464625475824746	0.011428232327043519	9.470280833581005e-05	-0.07795937581483896	-0.011333133701655965
10	-0.007457834828832476	0.011416149650767881	0.5136091755187238	-0.040735735070346085	0.025820065412681132
11	0.024462851398739112	0.011428267279250002	0.03235370131751798	-0.008850371542995464	0.05777607434047369
12	-0.01001838125910629	0.01141580031591208	0.38020513850835413	-0.04329526319490056	0.023258500676687978
13	0.01979033846208502	0.011409164307038337	0.082867712415112	-0.013467199610142484	0.053047876534312526
