Params:	92
Performance_R2:	0.36399560371174644
Alpha:	0.05
Alpha_Bonf:	0.0005434782608695652
Term	Coefficient	StdErr	p_value	CI_lower	CI_upper
Intercept	2.122274186835201	0.05153508877802859	0.0	1.9439407491486798	2.300607624521722
1	-0.04353969833546357	0.038956230591387114	0.2637631305559185	-0.178344909413954	0.09126551274302688
2	-0.03171962847326727	0.038837661703985116	0.414122404331129	-0.1661145405148406	0.10267528356830603
3	-0.5149782705707598	0.039565595829918775	3.696851361579354e-38	-0.6518921458695077	-0.37806439527201197
4	-0.24435999851547668	0.038847676097909616	3.4189788900258333e-10	-0.3787895646410392	-0.1099304323899142
5	-0.055870635331063775	0.038927126789123696	0.15127010618755432	-0.1905751348122629	0.07883386415013537
6	0.05566253966526065	0.038848675216539466	0.15197153513378067	-0.07877048383787004	0.19009556316839132
7	-0.09411226839662035	0.038912069766373875	0.01561362240252118	-0.2287646641424429	0.040540127349202204
8	-0.11750989536685483	0.03891006142941838	0.002539206769788447	-0.252155341408276	0.01713555067456632
9	-0.07961624796860291	0.03931788149571107	0.04292274014473796	-0.21567292577665154	0.05644042983944571
10	-0.03025830546448533	0.03888959002788982	0.43656957185559575	-0.16483291170538583	0.10431630077641518
11	-0.03876765777748693	0.03878210022262404	0.31753540293410687	-0.17297030334181102	0.09543498778683716
12	0.02895373349798126	0.0390808476160918	0.4588058333648609	-0.10628270575798594	0.16419017275394845
13	-0.018653712110558645	0.03897685636981825	0.6322536904637763	-0.15353029719964656	0.11622287297852928
1,2	0.015297163672248018	0.02181333995974934	0.48316113906156666	-0.06018631747982758	0.09078064482432362
1,3	0.00039047790006484446	0.021892253972240223	0.9857700631679847	-0.07536607946984267	0.07614703526997235
1,4	-0.01742016203212478	0.021841666084667574	0.4251575587463068	-0.09300166368543138	0.05816133962118182
1,5	0.0007982753020245219	0.021784032557985875	0.9707694337075399	-0.07458378971145374	0.07618034031550278
1,6	0.023589315948929223	0.02176668395179694	0.27853056262120973	-0.051732715470853896	0.09891134736871235
1,7	0.02775398764607465	0.021778840406988728	0.20259206817930828	-0.04761011030538308	0.10311808559753237
1,8	0.04760750184885044	0.02176572784448957	0.028765491198481	-0.02771122103092697	0.12292622472862785
1,9	0.013697631312542494	0.021806135713427426	0.5299289382850328	-0.061760920067546854	0.08915618269263184
1,10	-0.0005633488224567719	0.02179575935888807	0.9793805514359868	-0.07598599358009656	0.074859295935183
1,11	-0.022876378331401503	0.021805368807738354	0.29417116812072336	-0.09833227588996543	0.05257951922716242
1,12	-0.0037435602762587346	0.021783555280035376	0.8635598421302311	-0.07912397370399875	0.07163685315148129
1,13	0.027605685380427424	0.021770406102841228	0.2048391434388768	-0.047729226273135354	0.1029405970339902
2,3	-0.09896009038961595	0.02190348881385055	6.375114426911401e-06	-0.17475552511422957	-0.023164655665002337
2,4	0.13304245138501355	0.021888055967361108	1.2974776184169627e-09	0.05730042090657492	0.2087844818634522
2,5	0.028252187463775766	0.021816743086092126	0.19538323325752832	-0.04724306996023378	0.10374744488778531
2,6	-0.01616925392253825	0.021796403615000622	0.4582217231939162	-0.09159412808173775	0.059255620236661255
2,7	-0.04496144705328697	0.021814837323326303	0.03934598745918636	-0.12045010972344039	0.030527215616866464
2,8	0.02162949315554298	0.02179471215243607	0.3210373426976389	-0.05378952782010708	0.09704851413119304
2,9	0.0315373999823191	0.021832875832775493	0.1486586409766359	-0.04401368364173373	0.10708848360637194
2,10	0.010134879004732096	0.021823490095165324	0.6423782020035915	-0.06538372595492076	0.08565348396438494
2,11	0.03239298476327472	0.021839766873960824	0.1380764964198183	-0.043181944809101064	0.1079679143356505
2,12	-0.030245676159870227	0.021817407709888118	0.1657095096436266	-0.10574323346633109	0.045251881146590636
2,13	0.030211641706930314	0.0217902360778385	0.16565861819527414	-0.045191890137154175	0.10561517355101481
3,4	0.4297315643713164	0.021991224275644504	3.147459608393858e-82	0.3536325274432386	0.5058306012993942
3,5	-0.044196675291181736	0.021901376458417516	0.043641894374788735	-0.11998480036299526	0.03159144978063179
3,6	-0.036326920942785126	0.021867352436245595	0.09672310864220396	-0.11199730835310018	0.039343466467529925
3,7	-0.15124726246946535	0.021885172276400074	5.368673210629462e-12	-0.2269793141444421	-0.0755152107944886
3,8	-0.0037796453255469742	0.021867301081329515	0.8627800201839217	-0.0794498550258989	0.07189056437480494
3,9	-0.10674164391563533	0.021917440275560227	1.1467262459862447e-06	-0.18258535666181508	-0.030897931169455592
3,10	-0.008673898769783073	0.02189621860857417	0.6920196840899104	-0.08444417547623145	0.06709637793666531
3,11	0.07140270435652035	0.021911457560898226	0.0011261734335184465	-0.004420305639403779	0.14722571435244447
3,12	-0.09510570985865927	0.021911530177764572	1.4478576792883093e-05	-0.17092897113998362	-0.019282448577334896
3,13	-0.01322777232153346	0.021861650145241555	0.5451595391822259	-0.08887842736732657	0.062422882724259644
4,5	0.07166172781760081	0.021863011139771148	0.0010529348344483168	-0.0039936368510704034	0.14731709248627203
4,6	-0.008196969350872496	0.02181790329468826	0.7071552226884743	-0.08369624159259728	0.06730230289085229
4,7	0.05920915203847768	0.021847909688461373	0.006748277169030815	-0.01639395515300693	0.1348122592299623
4,8	0.03868835374264505	0.021813495392414776	0.07618596540816824	-0.036795665272898195	0.1141723727581883
4,9	-0.003073536259413487	0.021873553181585192	0.8882592666560569	-0.07876538089933363	0.07261830838050665
4,10	-0.016233624501288336	0.02183847340486827	0.4573021692613338	-0.09180407811766432	0.059336829115087655
4,11	-0.011273027193592265	0.021869916076135268	0.6062539148431183	-0.08695228589384504	0.0644062315066605
4,12	-0.029683947303588185	0.02184396811572947	0.1742322468671905	-0.10527341496845434	0.04590552036127797
4,13	-0.00977358791950215	0.021821900260331623	0.654257868118571	-0.0852866913709987	0.06573951553199439
5,6	-0.0026593425733398572	0.021762355154687787	0.9027457853864999	-0.07796639450462636	0.07264770935794665
5,7	0.037354302064408144	0.02179004688891486	0.0865339971550327	-0.038048575105124986	0.11275717923394127
5,8	-0.007860160092521967	0.02175823335791784	0.7179267117174358	-0.08315294884497519	0.06743262865993126
5,9	0.03142118854270448	0.0218122979749916	0.14977634228462938	-0.04405868689667572	0.10690106398208468
5,10	-0.018106563882586645	0.021770293996867217	0.4056094989176663	-0.09344108760155566	0.05722795983638236
5,11	-0.009650627767639265	0.02179519811572018	0.6579375709891078	-0.08507133038399471	0.06577007484871618
5,12	-0.004056400034361969	0.0217829462213221	0.8522799396804632	-0.07943470585859015	0.0713219057898662
5,13	-0.009923589729243287	0.02176333513641914	0.6484244799682822	-0.08523403281624849	0.06538685335776191
6,7	-0.014342585639525583	0.021766873801332777	0.5099764075765627	-0.08966527401986069	0.06098010274080951
6,8	-0.02548354070140672	0.021757202023685536	0.24154209321169745	-0.10077276059653553	0.049805679193722086
6,9	0.021199429499951586	0.02179414754531122	0.330739868450166	-0.054217637693685	0.09661649669358817
6,10	0.014213196537573183	0.021769489275181974	0.5138515015704463	-0.06111854250035784	0.0895449355755042
6,11	-0.013656215723499388	0.02178667945323814	0.530806972752303	-0.0890474401260604	0.061735008679061634
6,12	-0.003099792517609072	0.021775963618592502	0.8868094241114907	-0.07845393555142989	0.07225435051621175
6,13	0.005415854280921773	0.021755723342675757	0.8034171800236448	-0.06986824874579818	0.08069995730764172
7,8	0.06094206076138304	0.021760308747515753	0.005118744599085569	-0.014357909726278394	0.13624203124904447
7,9	0.011597434384950409	0.021799335875048235	0.5947418454894109	-0.06383758664751313	0.08703245541741395
7,10	0.012440874378102457	0.021786662406897583	0.5680018538975298	-0.06295029103683317	0.08783203979303808
7,11	0.03530879810689208	0.021794669207286003	0.10527634071671467	-0.0401100742601803	0.11072767047396447
7,12	0.020696019112724392	0.02179193304341724	0.3423019316092254	-0.0547133849576911	0.09610542318313989
7,13	0.009539319748766135	0.021762569348011688	0.6611601372702463	-0.06576847338298565	0.08484711288051792
8,9	0.03289807395004773	0.021782453088808038	0.13102479653594157	-0.04247852542487469	0.10827467332497015
8,10	0.03351804500727945	0.021773054117044457	0.12375828633589135	-0.04182602990741477	0.10886211992197367
8,11	-0.011300215252209382	0.021782602701593077	0.6039405843818699	-0.08667733235132537	0.0640769018469066
8,12	0.019581175395465503	0.021768670764158764	0.36842010957099525	-0.05574773124442345	0.09491008203535445
8,13	0.028558999235142442	0.02174713489644656	0.1891609268278759	-0.046695384096186364	0.10381338256647124
9,10	0.010160037065076052	0.02180612190399607	0.6412872680229731	-0.06529846652847747	0.08561854065862957
9,11	0.006993313499563366	0.021820242086434086	0.7486042637472605	-0.06851405196140205	0.08250067896052878
9,12	0.014116082027272289	0.021807877690883173	0.5174698895733669	-0.06134849733948442	0.089580661394029
9,13	-0.004577449177945905	0.0217831745427153	0.8335687132652747	-0.0799565450917987	0.07080164673590689
10,11	0.033412633675570264	0.02179902058732798	0.12539375975229886	-0.04202129632660019	0.10884656367774072
10,12	0.01519975741933555	0.02180034620539322	0.4856915943817174	-0.06023875978802344	0.09063827462669453
10,13	-0.04019296890408077	0.021773453781161432	0.06495223598047775	-0.11553842682747043	0.03515248901930889
11,12	-0.009427037194335328	0.021803782245596055	0.6654985287933795	-0.08487744456965424	0.06602337018098359
11,13	0.039031128729990004	0.021775297164394875	0.07311670196843356	-0.03632070808740737	0.11438296554738739
12,13	0.010771498801029495	0.021769046157719858	0.6207557007150134	-0.06455870686105623	0.08610170446311523
